1	0.0606
10	0.7745
100	1.0E-4
1000	0.0053
1001	0.0053
1002	0.0051
1003	0.0034
1004	0.0039
1005	0.0034
1006	0.0048
1007	0.0048
1008	0.0051
1009	0.0046
101	1.0E-4
1010	0.0043
1011	0.0043
1012	0.0044
1013	0.0044
1014	0.0044
1015	0.0053
1016	0.0052
1017	0.0052
1018	0.0046
1019	0.0047
102	0.0046
1020	0.7334
1021	0.7764
1022	0.0035
1023	2.0E-4
1024	4.0E-4
1025	0.0466
1026	0.0466
1027	0.0115
1028	0.0031
1029	0.004
103	1.0E-4
1030	0.0052
1031	5.0E-4
1032	1.0E-4
1033	0.0052
1034	0.2785
1035	0.0032
1036	0.0033
1037	0.0032
1038	0.0053
1039	1.0751
104	1.0E-4
1040	1.0751
1041	1.0751
1042	1.0751
1043	1.0751
1044	1.0751
1045	1.0751
1046	1.0751
1047	1.0751
1048	1.0751
1049	1.0751
105	1.0E-4
1050	1.0751
1051	1.0751
1052	1.0751
1053	1.0751
1054	1.0751
1055	1.0751
1056	1.0751
1057	1.0751
1058	1.0751
1059	1.0751
106	1.2751
1060	1.0751
1061	1.0751
1062	1.0751
1063	1.0751
1064	1.0751
1065	1.0751
1066	1.0E-4
1067	1.0E-4
1068	1.0E-4
1069	1.0E-4
107	0.4229
1070	1.0E-4
1071	1.0E-4
1072	1.0E-4
1073	1.0E-4
1074	1.0E-4
1075	1.0E-4
1076	1.0E-4
1077	1.0E-4
1078	1.0E-4
1079	1.0E-4
108	0.2381
1080	1.0E-4
1081	1.0E-4
1082	1.0E-4
1083	1.0E-4
1084	1.0E-4
1085	1.0E-4
1086	1.0E-4
1087	1.0E-4
1088	1.0E-4
1089	1.0E-4
109	0.2169
1090	1.0E-4
1091	1.0E-4
1092	1.0E-4
1093	1.0E-4
1094	1.0E-4
1095	1.0E-4
1096	1.0E-4
1097	3.0E-4
1098	3.0E-4
1099	3.0E-4
11	0.0027
110	0.2169
1100	0.0154
1101	0.0181
1102	0.0197
1103	0.0197
1104	0.0197
1105	0.0197
1106	0.0197
1107	0.0197
1108	0.0197
1109	0.0197
111	0.8357
1110	0.0197
1111	0.0197
1112	0.0197
1113	0.0197
1114	0.0197
1115	0.0197
1116	0.0197
1117	0.0197
1118	0.0197
1119	0.0197
112	0.8686
1120	0.0197
1121	0.0197
1122	0.0197
1123	0.0197
1124	0.0197
1125	0.0197
1126	0.0197
1127	0.0197
1128	0.0197
1129	0.0197
113	0.3692
1130	0.0197
1131	0.0197
1132	0.0197
1133	0.0197
1134	0.0197
1135	0.0197
1136	0.0197
1137	0.0197
1138	0.0197
1139	0.0197
114	0.2194
1140	0.0197
1141	0.0197
1142	0.0197
1143	0.0197
1144	0.0197
1145	0.0197
1146	0.0197
1147	0.0197
1148	0.0197
1149	0.0197
115	0.4003
1150	0.0197
1151	0.0197
1152	0.0197
1153	0.0197
1154	0.0197
1155	0.0197
1156	0.0197
1157	0.0197
1158	0.0197
1159	0.0
116	0.6898
1160	0.0
1161	2.0E-4
1162	0.0
1163	0.0
1164	0.0
1165	0.0
1166	0.0
1167	0.0
1168	0.0
1169	0.0
117	0.282
1170	0.0
1171	0.0
1172	0.0
1173	0.0
1174	0.0
1175	0.0
1176	0.0
1177	4.0E-4
1178	0.0024
1179	0.0
118	0.7191
1180	0.0
1181	0.0
1182	0.0
1183	0.0
1184	0.0
1185	0.0
1186	0.0
1187	4.0E-4
1188	4.0E-4
1189	4.0E-4
119	1.7232
1190	4.0E-4
1191	3.0E-4
1192	3.0E-4
1193	0.0013
1194	0.0013
1195	0.0013
1196	4.0E-4
1197	4.0E-4
1198	2.0E-4
1199	0.1077
12	0.0035
120	0.7663
1200	2.0E-4
1201	2.0E-4
1202	2.0E-4
1203	2.0E-4
1204	2.0E-4
1205	2.0E-4
1206	2.0E-4
1207	2.0E-4
1208	2.0E-4
1209	2.0E-4
121	0.6998
1210	1.0E-4
1211	1.0E-4
1212	1.0E-4
1213	0.0022
1214	3.0E-4
1215	0.1512
1216	0.2316
1217	0.1512
1218	0.1512
1219	4.0E-4
122	0.7663
1220	4.0E-4
1221	0.0
1222	0.0
1223	0.0
1224	0.0
1225	4.0E-4
1226	4.0E-4
1227	0.0028
1228	0.0028
1229	0.0028
123	1.1368
1230	0.0028
1231	0.0028
1232	0.0028
1233	0.0028
1234	0.0
1235	0.0
1236	0.0
1237	0.0
1238	0.0
1239	0.0
124	0.9947
1240	0.0
1241	0.0
1242	0.0
1243	0.0
1244	0.0
1245	0.0
1246	0.0
1247	0.0
1248	0.0
1249	0.0
125	1.0004
1250	0.0
1251	0.0
1252	0.0
1253	0.0
1254	0.0
1255	0.0
1256	0.0
1257	0.0
1258	0.0
1259	0.0
126	1.0052
1260	0.0
1261	0.0
1262	0.0
1263	0.0
1264	0.0
1265	0.0
1266	0.0
1267	0.0
1268	0.0
1269	0.0034
127	0.3115
1270	0.0034
1271	0.0034
1272	0.0034
1273	0.0034
1274	0.0034
1275	0.0034
1276	0.0034
1277	0.0034
1278	0.0034
1279	0.0031
128	0.3115
1280	0.0031
1281	0.0031
1282	0.0031
1283	0.0031
1284	0.0
1285	0.0
1286	0.0
1287	0.0
1288	0.0086
1289	0.0086
129	0.2932
1290	0.0086
1291	0.013
1292	0.0056
1293	0.0368
1294	0.0368
1295	0.0016
1296	0.0016
1297	0.0
1298	0.0
1299	0.0
13	0.0027
130	0.2774
1300	2.0E-4
1301	0.0
1302	0.0
1303	0.0
1304	0.0
1305	2.0E-4
1306	2.0E-4
1307	2.0E-4
1308	0.0
1309	9.0E-4
131	0.2301
1310	0.0
1311	5.0E-4
1312	2.0E-4
1313	2.0E-4
1314	2.0E-4
1315	2.0E-4
1316	2.0E-4
1317	2.0E-4
1318	2.0E-4
1319	2.0E-4
132	2.8585
1320	2.0E-4
1321	2.0E-4
1322	2.0E-4
1323	2.0E-4
1324	2.0E-4
1325	2.0E-4
1326	2.0E-4
1327	2.0E-4
1328	2.0E-4
1329	2.0E-4
133	0.0939
1330	2.0E-4
1331	2.0E-4
1332	2.0E-4
1333	2.0E-4
1334	2.0E-4
1335	2.0E-4
1336	2.0E-4
1337	2.0E-4
1338	2.0E-4
1339	2.0E-4
134	0.086
1340	3.0E-4
1341	2.0E-4
1342	8.0E-4
1343	8.0E-4
1344	3.0E-4
1345	0.0049
1346	0.001
1347	0.001
1348	0.001
1349	0.001
135	0.1024
1350	0.001
1351	0.001
1352	0.001
1353	0.001
1354	0.001
1355	0.001
1356	0.001
1357	0.001
1358	0.001
1359	0.001
136	0.1091
1360	0.001
1361	0.001
1362	1.0E-4
1363	0.0141
1364	0.0141
1365	0.001
1366	9.0E-4
1367	0.001
1368	0.001
1369	0.001
137	0.117
1370	0.225
1371	0.0206
1372	0.0071
1373	0.0091
1374	0.0168
1375	0.0063
1376	0.004
1377	0.004
1378	0.0016
1379	0.3078
138	0.1576
1380	0.0015
1381	0.0015
1382	9.0E-4
1383	9.0E-4
1384	9.0E-4
1385	9.0E-4
1386	9.0E-4
1387	9.0E-4
1388	9.0E-4
1389	9.0E-4
139	0.0307
1390	0.0
1391	1.0E-4
1392	0.0
1393	0.0
1394	0.0
1395	0.0
1396	1.0E-4
1397	1.0E-4
1398	2.0E-4
1399	1.0E-4
14	0.302
140	0.0292
1400	1.0E-4
1401	1.0E-4
1402	0.0
1403	0.0
1404	0.0
1405	0.0
1406	0.0
1407	0.0
1408	0.0064
1409	0.022
141	0.0269
1410	0.022
1411	0.022
1412	0.022
1413	0.022
1414	0.022
1415	0.022
1416	0.0264
1417	0.034
1418	0.022
1419	0.0335
142	0.1262
1420	0.0335
1421	0.022
1422	1.0E-4
1423	1.0E-4
1424	1.0E-4
1425	1.0E-4
1426	1.0E-4
1427	1.0E-4
1428	1.0E-4
1429	1.0E-4
143	0.1766
1430	1.0E-4
1431	1.0E-4
1432	1.0E-4
1433	0.0047
1434	0.0047
1435	0.0047
1436	0.0047
1437	0.0047
1438	2.0E-4
1439	2.0E-4
144	0.0417
1440	8.0E-4
1441	0.001
1442	0.0043
1443	0.2639
1444	9.0E-4
1445	2.0E-4
1446	2.0E-4
1447	2.0E-4
1448	2.0E-4
1449	2.0E-4
145	0.3335
1450	2.0E-4
1451	2.0E-4
1452	2.0E-4
1453	2.0E-4
1454	2.0E-4
1455	2.0E-4
1456	2.0E-4
1457	8.0E-4
1458	3.0E-4
1459	6.0E-4
146	0.0269
1460	7.0E-4
1461	0.0065
1462	0.0065
1463	0.0065
1464	0.0065
1465	0.0065
1466	0.0065
1467	2.5547
1468	3.0E-4
1469	0.0024
147	0.0269
1470	0.0024
1471	0.0024
1472	0.0026
1473	1.0E-4
1474	1.0E-4
1475	1.0E-4
1476	1.0E-4
1477	1.0E-4
1478	1.0E-4
1479	1.0E-4
148	0.1209
1480	1.0E-4
1481	1.0E-4
1482	1.0E-4
1483	1.0E-4
1484	1.0E-4
1485	1.0E-4
1486	1.0E-4
1487	6.0E-4
1488	5.0E-4
1489	6.0E-4
149	0.0365
1490	5.0E-4
1491	4.0E-4
1492	4.0E-4
1493	4.0E-4
1494	5.0E-4
1495	1.0E-4
1496	1.0E-4
1497	1.0E-4
1498	1.0E-4
1499	4.0E-4
15	0.0029
150	0.0362
1500	1.0E-4
1501	1.0E-4
1502	4.0E-4
1503	4.0E-4
1504	1.0E-4
1505	4.0E-4
1506	2.0E-4
1507	0.0026
1508	3.0E-4
1509	1.0E-4
151	0.0626
1510	1.0E-4
1511	1.0E-4
1512	1.0E-4
1513	1.0E-4
1514	1.0E-4
1515	1.0E-4
1516	1.0E-4
1517	2.0E-4
1518	3.0E-4
1519	4.0E-4
152	0.0241
1520	1.0E-4
1521	1.0E-4
1522	1.0E-4
1523	1.0E-4
1524	1.0E-4
1525	1.0E-4
1526	1.0E-4
1527	1.0E-4
1528	1.0E-4
1529	1.0E-4
153	0.0638
1530	1.0E-4
1531	1.0E-4
1532	1.0E-4
1533	0.0117
1534	0.0
1535	1.0E-4
1536	1.0E-4
1537	2.0E-4
1538	0.3147
1539	0.4886
154	4.0E-4
1540	0.6853
1541	0.6838
1542	0.3147
1543	0.0022
1544	0.0
1545	0.0
1546	0.0
1547	0.0
1548	0.0
1549	0.0
155	0.1599
1550	0.0
1551	0.0
1552	1.0E-4
1553	1.0E-4
1554	1.0E-4
1555	1.0E-4
1556	1.0E-4
1557	1.0E-4
1558	1.0E-4
1559	1.0E-4
156	0.0667
1560	1.0E-4
1561	1.0E-4
1562	1.0E-4
1563	1.0E-4
1564	1.0E-4
1565	0.0
1566	0.0
1567	0.0
1568	0.0
1569	0.0
157	0.1645
1570	0.0
1571	0.0
1572	0.0
1573	0.0
1574	0.0
1575	0.0
1576	0.0
1577	0.0
1578	0.0
1579	0.0
158	0.1917
1580	0.0
1581	0.0
1582	0.0
1583	0.0
1584	0.0
1585	0.0
1586	0.0
1587	0.0
1588	0.0
1589	7.0E-4
159	0.1645
1590	5.0E-4
1591	5.0E-4
1592	0.0
1593	0.0
1594	0.0
1595	0.0
1596	0.0
1597	0.0
1598	0.0
1599	0.0
16	1.1755
160	0.1765
1600	0.0
1601	0.0
1602	0.008
1603	0.008
1604	0.008
1605	0.008
1606	0.008
1607	2.0E-4
1608	0.0946
1609	0.0946
161	0.1695
1610	0.0946
1611	0.0946
1612	0.0946
1613	0.0946
1614	0.0031
1615	0.0031
1616	0.0031
1617	0.0031
1618	0.0031
1619	1.0E-4
162	0.1645
1620	0.1094
1621	0.0828
1622	0.0828
1623	0.0828
1624	0.0828
1625	0.0828
1626	0.0
1627	0.0
1628	0.0
1629	0.0
163	0.1599
1630	0.0
1631	0.0
1632	0.0
1633	0.0
1634	0.0
1635	0.0
1636	0.0
1637	0.0
1638	0.0
1639	0.0
164	0.0972
1640	0.0
1641	0.0
1642	0.0
1643	0.0
1644	0.0
1645	0.0
1646	0.0
1647	0.0
1648	0.0
1649	0.0
165	0.1599
1650	0.0
1651	0.0
1652	0.0
1653	0.0
1654	0.0
1655	0.0
1656	0.0
1657	0.0
1658	0.0
1659	0.0
166	0.169
1660	0.0
1661	0.0
1662	0.0
1663	0.0
1664	0.0
1665	0.1893
1666	0.29
1667	0.1893
1668	0.1893
1669	0.0106
167	0.1599
1670	0.0106
1671	0.0126
1672	0.0106
1673	0.0106
1674	0.0106
1675	0.0106
1676	0.0106
1677	0.0106
1678	1.6887
1679	0.0106
168	0.1373
1680	1.0E-4
1681	1.0E-4
1682	1.0E-4
1683	8.0E-4
1684	1.0E-4
1685	1.0E-4
1686	1.0E-4
1687	1.0E-4
1688	6.0E-4
1689	1.0E-4
169	0.1373
1690	1.0E-4
1691	1.0E-4
1692	1.0E-4
1693	1.0E-4
1694	1.0E-4
1695	1.0E-4
1696	1.0E-4
1697	1.0E-4
1698	1.0E-4
1699	1.0E-4
17	0.0029
170	0.1373
1700	1.0E-4
1701	1.0E-4
1702	1.0E-4
1703	1.0E-4
1704	1.0E-4
1705	1.0E-4
1706	1.0E-4
1707	1.0E-4
1708	1.0E-4
1709	1.0E-4
171	0.1378
1710	1.0E-4
1711	1.0E-4
1712	1.0E-4
1713	1.0E-4
1714	1.0E-4
1715	1.0E-4
1716	1.0E-4
1717	1.0E-4
1718	1.0E-4
1719	1.0E-4
172	0.1373
1720	1.0E-4
1721	1.0E-4
1722	1.0E-4
1723	0.0
1724	0.0
1725	0.0
1726	0.0
1727	0.0
1728	0.0
1729	0.0
173	0.1344
1730	0.0
1731	0.0
1732	0.0
1733	0.0
1734	0.0
1735	0.0
1736	0.0
1737	1.0E-4
1738	1.0E-4
1739	1.0E-4
174	0.103
1740	1.0E-4
1741	0.0
1742	0.0
1743	0.0
1744	0.0
1745	0.0
1746	0.0
1747	0.0
1748	0.0
1749	0.0
175	0.1602
1750	0.0
1751	0.0
1752	0.0
1753	0.0
1754	0.0
1755	0.0
1756	0.0
1757	0.0
1758	0.0
1759	0.0
176	0.1741
1760	2.0E-4
1761	2.0E-4
1762	2.0E-4
1763	2.0E-4
1764	7.0E-4
1765	7.0E-4
1766	0.0
1767	0.0
1768	0.0
1769	0.0
177	0.1054
1770	0.0
1771	0.0
1772	0.0
1773	0.0
1774	0.0
1775	0.0
1776	0.0
1777	0.0
1778	0.0
1779	0.0
178	0.032
1780	0.0
1781	0.0
1782	0.0
1783	0.0
1784	0.0
1785	0.0
1786	0.0
1787	0.0
1788	0.0
1789	1.0E-4
179	0.057
1790	1.0E-4
1791	0.0
1792	0.0
1793	0.0
1794	0.0
1795	0.0
1796	0.0
1797	0.0
1798	0.0
1799	0.0
18	0.0885
180	0.0534
1800	0.0
1801	0.0
1802	0.0
1803	0.0
1804	0.0
1805	0.0
1806	0.0
1807	0.0
1808	0.0
1809	0.0
181	0.0536
1810	0.0
1811	0.0
1812	0.0
1813	0.0
1814	0.0
1815	0.0
1816	0.0
1817	0.0
1818	4.0E-4
1819	0.0024
182	0.0355
1820	0.0028
1821	0.0032
1822	0.0028
1823	0.0013
1824	0.0013
1825	0.0013
1826	0.0013
1827	0.0013
1828	0.0013
1829	0.0013
183	0.0534
1830	0.0015
1831	0.002
1832	0.0013
1833	0.002
1834	0.002
1835	0.0013
1836	0.001
1837	4.0E-4
1838	0.0011
1839	0.001
184	0.054
1840	0.001
1841	9.0E-4
1842	8.0E-4
1843	8.0E-4
1844	8.0E-4
1845	8.0E-4
1846	8.0E-4
1847	8.0E-4
1848	8.0E-4
1849	3.0E-4
185	0.0533
1850	3.0E-4
1851	4.0E-4
1852	3.0E-4
1853	2.0E-4
1854	1.0E-4
1855	0.0
1856	0.0
1857	0.0
1858	0.0
1859	0.0
186	0.0537
1860	3.0E-4
1861	0.0019
1862	0.0019
1863	0.0021
1864	0.0
1865	0.0
1866	0.0
1867	1.0E-4
1868	1.0E-4
1869	0.0
187	0.0536
1870	2.0E-4
1871	0.298
1872	1.1446
1873	1.256
1874	0.2973
1875	1.4835
1876	0.994
1877	1.4835
1878	1.4967
1879	0.0574
188	0.0533
1880	0.0574
1881	0.0574
1882	0.0574
1883	1.3113
1884	0.1484
1885	0.1484
1886	0.1484
1887	0.1484
1888	0.1484
1889	0.1484
189	0.0648
1890	0.1484
1891	0.1484
1892	0.1484
1893	0.1484
1894	0.1484
1895	0.1484
1896	0.0
1897	0.0
1898	0.0
1899	0.0
19	0.0135
190	0.0015
1900	0.0
1901	0.0
1902	0.0
1903	0.0
1904	0.0
1905	0.0
1906	0.0
1907	0.0
1908	0.0
1909	0.0
191	0.002
1910	0.0
1911	0.0
1912	0.0
1913	0.0
1914	0.0
1915	0.0
1916	0.0
1917	0.0
1918	0.0
1919	0.0
192	0.1337
1920	0.0
1921	0.0
1922	0.0
1923	0.0
1924	0.0
1925	0.0
1926	0.0
1927	0.0
1928	0.0
1929	0.0
193	0.8604
1930	0.0
1931	0.0
1932	0.0
1933	0.0
1934	0.0
1935	0.0
1936	0.0
1937	0.0
1938	0.0
1939	0.0
194	0.3248
1940	0.0
1941	0.0
1942	0.0
1943	0.0
1944	0.0
1945	0.0
1946	0.0
1947	0.0
1948	0.0
1949	0.0
195	0.4432
1950	0.0
1951	0.0
1952	0.0
1953	0.0
1954	0.0
1955	0.0
1956	0.0
1957	0.0
1958	0.0
1959	0.0
196	0.4424
1960	0.0
1961	0.0
1962	0.0
1963	0.0
1964	0.0
1965	0.0
1966	0.0
1967	0.0
1968	0.0
1969	0.0
197	0.3012
1970	0.0
1971	0.0
1972	0.0
1973	0.0
1974	0.0
1975	0.0
1976	0.0
1977	0.0
1978	0.0
1979	0.0
198	0.3672
1980	0.0
1981	0.0
1982	0.0
1983	0.0
1984	0.0
1985	0.0
1986	0.0
1987	0.0
1988	0.0
1989	0.0
199	0.4408
1990	0.0
1991	0.0
1992	0.0
1993	0.0
1994	0.0
1995	1.004
1996	0.0
1997	0.0
1998	0.0
1999	0.0
2	10.7595
20	0.0142
200	0.4868
2000	0.0
2001	0.0
2002	0.0
2003	0.0
2004	0.0
2005	0.0
2006	0.0
2007	0.0
2008	0.0
2009	0.0
201	0.908
2010	0.0
2011	0.0
2012	0.0
2013	0.0
2014	0.0
2015	0.0
2016	0.0
2017	0.0
2018	0.0
2019	0.0
202	0.9291
2020	0.0
2021	0.0
2022	0.0
2023	0.0
2024	0.0
2025	0.0
2026	0.0
2027	0.0
2028	0.0
2029	0.0
203	0.2949
2030	0.0
2031	0.0
2032	0.0
2033	0.0
2034	0.0
2035	0.0
2036	0.0
2037	0.0
2038	0.0
2039	0.0
204	0.4306
2040	0.0
2041	0.0
2042	0.0
2043	0.0
2044	0.0
2045	0.0
2046	0.0
2047	0.0
2048	0.0
2049	0.0
205	0.3444
2050	0.0
2051	0.0
2052	0.0
2053	0.0
2054	0.0
2055	0.0
2056	0.0
2057	0.0
2058	0.0
2059	0.0
206	0.2853
2060	0.0
2061	0.0
2062	0.0
2063	0.0
2064	0.0
2065	0.0
2066	0.0
2067	0.0
2068	0.0
2069	0.0
207	0.0012
2070	0.0
2071	0.0
2072	0.0
2073	0.0
2074	0.0
2075	0.0
2076	0.0
2077	0.0
2078	0.0
2079	0.0
208	0.0012
2080	9.0E-4
2081	7.0E-4
2082	9.0E-4
2083	7.0E-4
2084	6.0E-4
2085	7.0E-4
2086	1.0E-4
2087	1.0E-4
2088	1.0E-4
2089	1.0E-4
209	0.0028
2090	6.0E-4
2091	1.0E-4
2092	1.0E-4
2093	5.0E-4
2094	5.0E-4
2095	1.0E-4
2096	6.0E-4
2097	3.0E-4
2098	0.0022
2099	5.0E-4
21	0.0131
210	0.0024
2100	1.6823
2101	0.0105
2102	0.0
2103	0.1153
2104	1.0E-4
2105	1.0E-4
2106	1.0E-4
2107	3.0E-4
2108	3.0E-4
2109	3.0E-4
211	0.0942
2110	3.0E-4
2111	3.0E-4
2112	3.0E-4
2113	3.0E-4
2114	3.0E-4
2115	4.0E-4
2116	3.0E-4
2117	3.0E-4
2118	3.0E-4
2119	3.0E-4
212	0.5305
2120	3.0E-4
2121	3.0E-4
2122	3.0E-4
2123	3.0E-4
2124	3.0E-4
2125	0.0025
2126	0.0025
2127	0.0014
2128	0.002
2129	0.0014
213	0.5374
2130	0.0014
2131	0.0014
2132	0.001
2133	0.001
2134	0.001
2135	0.001
2136	0.001
2137	0.0025
2138	0.0025
2139	0.0029
214	0.536
2140	0.0025
2141	0.0025
2142	0.0025
2143	0.0025
2144	0.3822
2145	0.4527
2146	0.3712
2147	0.3712
2148	0.3822
2149	3.0E-4
215	0.5282
2150	3.0E-4
2151	3.0E-4
2152	3.0E-4
2153	3.0E-4
2154	3.0E-4
2155	3.0E-4
2156	3.0E-4
2157	3.0E-4
2158	3.0E-4
2159	5.0E-4
216	0.5354
2160	5.0E-4
2161	5.0E-4
2162	5.0E-4
2163	5.0E-4
2164	5.0E-4
2165	5.0E-4
2166	5.0E-4
2167	4.0E-4
2168	4.0E-4
2169	4.0E-4
217	0.534
2170	4.0E-4
2171	0.01
2172	0.1803
2173	4.0E-4
2174	4.0E-4
2175	4.0E-4
2176	4.0E-4
2177	4.0E-4
2178	4.0E-4
2179	4.0E-4
218	0.3545
2180	4.0E-4
2181	4.0E-4
2182	4.0E-4
2183	4.0E-4
2184	4.0E-4
2185	4.0E-4
2186	4.0E-4
2187	4.0E-4
2188	4.0E-4
2189	4.0E-4
219	0.0979
2190	4.0E-4
2191	4.0E-4
2192	4.0E-4
2193	0.742
2194	0.7266
2195	0.7266
2196	0.742
2197	0.742
2198	0.6952
2199	0.0704
22	0.0027
220	0.1038
2200	0.0704
2201	0.0704
2202	0.0704
2203	0.0704
2204	0.0704
2205	0.0704
2206	0.0704
2207	0.0704
2208	0.0704
2209	5.0E-4
221	0.0031
2210	0.0
2211	1.0E-4
2212	1.0E-4
2213	1.0E-4
2214	0.0
2215	0.0
2216	0.0
2217	0.0
2218	0.0
2219	1.0E-4
222	0.0031
2220	0.0
2221	0.0
2222	1.0E-4
2223	0.0
2224	0.0
2225	0.0
2226	0.0
2227	0.0
2228	0.0
2229	1.0E-4
223	2.0E-4
2230	0.0
2231	0.0
2232	0.0
2233	0.0
2234	0.0
2235	0.0
2236	1.0E-4
2237	0.0
2238	1.0E-4
2239	1.0E-4
224	0.8157
2240	1.0E-4
2241	0.0
2242	0.0
2243	0.0
2244	1.0E-4
2245	1.0E-4
2246	0.0
2247	0.0
2248	0.0
2249	0.0
225	7.0E-4
2250	0.0
2251	0.0
2252	0.0
2253	0.0
2254	0.0
2255	0.0
2256	0.0
2257	0.0
2258	1.0E-4
2259	0.0
226	8.0E-4
2260	0.0
2261	1.0E-4
2262	0.0
2263	1.0E-4
2264	0.0
2265	0.0
2266	0.0
2267	0.0
2268	1.0E-4
2269	0.0
227	7.0E-4
2270	0.0
2271	0.0
2272	0.0
2273	0.0
2274	0.0
2275	1.0E-4
2276	1.0E-4
2277	1.0E-4
2278	1.0E-4
2279	0.0
228	7.0E-4
2280	0.0
2281	1.0E-4
2282	1.0E-4
2283	1.0E-4
2284	0.0
2285	0.0
2286	0.0
2287	0.0
2288	0.0
2289	0.0
229	0.0012
2290	1.0E-4
2291	0.0
2292	0.0
2293	0.0
2294	1.0E-4
2295	1.0E-4
2296	1.0E-4
2297	1.0E-4
2298	0.0
2299	0.0
23	0.0296
230	7.0E-4
2300	0.0
2301	0.0
2302	0.0
2303	0.0
2304	0.0
2305	0.0
2306	0.0
2307	0.0
2308	0.0
2309	0.0
231	0.0979
2310	0.0
2311	0.0
2312	0.0
2313	0.0
2314	0.0
2315	0.0
2316	0.0
2317	0.0
2318	0.0
2319	0.0
232	0.0752
2320	0.0
2321	0.0
2322	0.0
2323	0.0
2324	0.0
2325	0.0
2326	0.0
2327	0.0
2328	0.0
2329	0.0
233	0.0752
2330	0.0
2331	0.0
2332	0.0
2333	0.0
2334	0.0
2335	0.0
2336	0.0
2337	0.0
2338	0.0
2339	0.0
234	0.0752
2340	0.0
2341	0.0
2342	0.0
2343	0.0
2344	0.0
2345	0.0
2346	0.0
2347	0.0
2348	0.0
2349	0.0
235	0.1182
2350	0.0
2351	0.0
2352	0.0
2353	0.0
2354	0.0
2355	0.0
2356	0.0
2357	0.0
2358	0.0
2359	0.0
236	0.1268
2360	0.0
2361	0.0
2362	4.0E-4
2363	0.0804
2364	0.0
2365	0.0
2366	0.0
2367	0.0
2368	0.0
2369	0.0
237	0.0752
2370	0.0
2371	0.0
2372	0.0
2373	0.0
2374	0.0
2375	0.0
2376	0.0
2377	0.0
2378	0.0
2379	0.0
238	0.0752
2380	0.0
2381	0.0
2382	0.0
2383	0.0
2384	0.0
2385	0.0
2386	0.0
2387	0.0
2388	0.0
2389	0.0
239	0.0752
2390	0.0
2391	0.0
2392	0.0
2393	0.0
2394	0.0
2395	0.0
2396	0.0
2397	0.0
2398	0.0
2399	0.0
24	0.003
240	0.1212
2400	0.0
2401	0.0
2402	2.0E-4
2403	0.0
2404	0.0
2405	0.0
2406	0.0
2407	0.0
2408	0.0
2409	0.0
241	0.0781
2410	0.0
2411	0.0
2412	0.0
2413	0.0
2414	0.0
2415	0.0
2416	0.0
2417	0.0
2418	0.0
2419	0.0
242	0.1123
2420	0.0
2421	0.0
2422	0.0
2423	0.0
2424	0.0
2425	0.0
2426	0.0
2427	0.0
2428	0.0
2429	0.0
243	0.0752
2430	0.0
2431	0.0
2432	0.0
2433	0.0
2434	0.0
2435	0.0
2436	0.0
2437	0.0
2438	0.0
2439	0.0
244	0.1116
2440	0.0
2441	0.0
2442	0.0
2443	0.0
2444	0.0
2445	0.0
2446	0.0
2447	0.0
2448	0.0
2449	0.0
245	0.1116
2450	0.0
2451	0.0
2452	0.0068
2453	0.0041
2454	0.0041
2455	0.0017
2456	0.0041
2457	0.0044
2458	0.0041
2459	0.0017
246	0.1022
2460	9.0E-4
2461	9.0E-4
2462	9.0E-4
2463	9.0E-4
2464	9.0E-4
2465	9.0E-4
2466	9.0E-4
2467	9.0E-4
2468	9.0E-4
2469	9.0E-4
247	0.0752
2470	9.0E-4
2471	9.0E-4
2472	9.0E-4
2473	9.0E-4
2474	9.0E-4
2475	9.0E-4
2476	9.0E-4
2477	9.0E-4
2478	9.0E-4
2479	9.0E-4
248	0.156
2480	9.0E-4
2481	9.0E-4
2482	0.0048
2483	0.0026
2484	0.0026
2485	0.0095
2486	0.0095
2487	0.001
2488	0.001
2489	0.001
249	0.4815
2490	0.001
2491	0.001
2492	0.001
2493	0.001
2494	0.001
2495	0.001
2496	0.001
2497	0.001
2498	0.001
2499	0.001
25	0.0027
250	0.0993
2500	0.001
2501	0.001
2502	0.001
2503	0.001
2504	0.001
2505	0.001
2506	0.001
2507	0.001
2508	0.001
2509	0.001
251	0.1038
2510	0.0
2511	0.0
2512	0.0
2513	0.0
2514	0.0
2515	0.0
2516	0.0
2517	0.0
2518	0.0
2519	0.0
252	0.246
2520	0.0
2521	0.0
2522	0.0
2523	0.0
2524	0.0
2525	0.0
2526	0.0
2527	0.0
2528	0.0
2529	0.0
253	0.0797
2530	0.0
2531	0.0
2532	0.0
2533	0.0
2534	0.0
2535	2.0E-4
2536	0.0716
2537	0.1565
2538	0.1565
2539	0.0716
254	0.1423
2540	2.0E-4
2541	2.0E-4
2542	2.0E-4
2543	2.0E-4
2544	1.0E-4
2545	1.0E-4
2546	1.0E-4
2547	2.0E-4
2548	2.0E-4
2549	2.0E-4
255	0.1833
2550	2.0E-4
2551	0.6386
2552	0.6386
2553	0.6386
2554	0.6386
2555	0.0
2556	0.0
2557	0.0
2558	0.0
2559	0.0
256	0.1696
2560	0.0
2561	0.0
2562	0.0
2563	1.0E-4
2564	0.0
2565	0.0
2566	0.0
2567	0.0
2568	0.0
2569	0.0
257	0.2117
2570	0.0
2571	0.0
2572	0.0
2573	0.0
2574	0.0
2575	0.0
2576	0.0
2577	0.0
2578	0.0
2579	0.0
258	0.4861
2580	0.0
2581	0.0
2582	0.0
2583	0.0
2584	0.0
2585	0.0
2586	1.0E-4
2587	1.0E-4
2588	5.0E-4
2589	1.0E-4
259	0.4861
2590	1.0E-4
2591	1.0E-4
2592	1.0E-4
2593	1.0E-4
2594	1.0E-4
2595	1.0E-4
2596	1.0E-4
2597	1.0E-4
2598	3.0E-4
2599	0.0
26	0.4725
260	0.4861
2600	0.0
2601	0.0
2602	0.0
2603	0.0
2604	0.0
2605	0.0
2606	0.0
2607	0.0
2608	0.0
2609	0.0
261	0.0447
2610	0.0
2611	0.0
2612	0.0
2613	0.0
2614	0.0
2615	0.0
2616	0.0
2617	0.0
2618	0.0
2619	0.0
262	0.0489
2620	0.0
2621	0.0
2622	0.0
2623	0.0
2624	0.0
2625	0.0
2626	0.0
2627	0.0
2628	0.0
2629	0.0
263	0.0464
2630	0.0
2631	0.0
2632	0.0
2633	0.0
2634	0.0
2635	0.0
2636	0.0
2637	0.0
2638	0.0
2639	0.0
264	0.0523
2640	0.0
2641	0.0
2642	0.0
2643	0.0
2644	0.0
2645	0.0
2646	0.0
2647	0.0
2648	0.0
2649	0.0
265	0.0473
2650	0.0
2651	0.0
2652	0.0
2653	0.0
2654	0.0
2655	0.0
2656	0.0
2657	0.0
2658	0.0
2659	0.0
266	0.0469
2660	0.0
2661	0.0
2662	0.0
2663	1.0E-4
2664	0.0
2665	0.0
2666	0.0
2667	0.0
2668	0.0
2669	0.0
267	0.0505
2670	0.0
2671	1.0699
2672	1.0699
2673	1.0699
2674	1.0699
2675	1.0699
2676	1.0E-4
2677	0.0
2678	0.0
2679	0.0
268	0.0494
2680	0.0
2681	0.0
2682	0.0
2683	0.0
2684	0.0
2685	0.0
2686	0.0
2687	0.0
2688	0.0
2689	0.0
269	0.0464
2690	0.0
2691	0.0
2692	0.0
2693	0.0
2694	0.0
2695	0.0
2696	0.0
2697	0.0
2698	0.0
2699	0.0
27	6.3012
270	0.0515
2700	0.0
2701	0.0
2702	0.0
2703	0.0
2704	0.0
2705	0.0
2706	0.0
2707	0.0
2708	0.0
2709	0.0
271	0.0435
2710	0.0
2711	0.0
2712	0.0
2713	0.0
2714	0.0
2715	0.0
2716	0.0
2717	0.0
2718	0.0
2719	0.0
272	0.0499
2720	0.0
2721	0.0
2722	0.0
2723	0.0
2724	0.0
2725	0.0
2726	0.0
2727	0.0
2728	0.0
2729	0.0
273	0.0468
2730	0.0
2731	0.0
2732	0.0
2733	0.0
2734	0.0
2735	0.1007
2736	1.0E-4
2737	0.001
2738	0.001
2739	0.001
274	0.044
2740	0.001
2741	0.001
2742	0.001
2743	0.001
2744	0.001
2745	0.001
2746	0.001
2747	0.001
2748	1.0E-4
2749	1.0E-4
275	0.0485
2750	1.0E-4
2751	1.0E-4
2752	1.0E-4
2753	0.0068
2754	1.0E-4
2755	1.0E-4
2756	1.0E-4
2757	1.0E-4
2758	1.0E-4
2759	1.0E-4
276	0.0545
2760	1.0E-4
2761	1.0E-4
2762	1.0E-4
2763	0.0013
2764	0.0013
2765	0.0013
2766	0.0013
2767	0.0013
2768	0.0013
2769	0.0013
277	0.0476
2770	0.0013
2771	0.1491
2772	0.1491
2773	0.1491
2774	0.1491
2775	0.1491
2776	0.1491
2777	0.1491
2778	0.1491
2779	0.1491
278	0.0506
2780	0.1491
2781	0.1491
2782	0.1491
2783	0.0
2784	1.0E-4
2785	1.0E-4
2786	3.0E-4
2787	9.0E-4
2788	9.0E-4
2789	0.0
279	0.0468
2790	0.0
2791	0.0
2792	0.0
2793	0.0
2794	0.0
2795	0.0
2796	0.0
2797	1.0E-4
2798	5.0E-4
2799	0.0
28	4.7792
280	0.0595
2800	0.0
2801	0.0
2802	0.0
2803	0.0
2804	0.0
2805	0.0
2806	0.0
2807	0.0
2808	0.0
2809	0.0
281	0.0468
2810	0.0
2811	0.0
2812	0.0
2813	0.0
2814	0.0
2815	0.0
2816	0.0
2817	0.0
2818	0.0
2819	0.0
282	0.0482
2820	0.0
2821	0.0
2822	0.0
2823	0.0
2824	0.0
2825	0.0
2826	0.0
2827	0.0
2828	0.0
2829	0.0
283	0.0469
2830	0.0
2831	0.0
2832	0.0
2833	0.0
2834	0.0
2835	0.0
2836	0.0
2837	0.0
2838	0.0
2839	0.0
284	0.0475
2840	0.0
2841	0.0
2842	0.0
2843	0.0
2844	0.0
2845	0.0
2846	0.0
2847	0.0
2848	0.0
2849	0.0
285	0.047
2850	0.0
2851	0.0
2852	0.0
2853	0.0
2854	0.0
2855	0.0
2856	0.0
2857	0.0
2858	0.0
2859	0.0
286	0.0464
2860	0.0
2861	0.0
2862	0.0
2863	0.0
2864	0.0
2865	0.0
2866	0.0
2867	0.0
2868	0.0
2869	0.0
287	0.0464
2870	0.0
2871	0.0
2872	0.0
2873	0.0
2874	0.0
2875	0.0
2876	0.0
2877	0.0
2878	0.0
2879	0.0
288	0.0477
2880	0.0
2881	0.0
2882	0.0
2883	0.0
2884	0.0
2885	0.0
2886	0.0
2887	0.0
2888	0.0
2889	0.0
289	0.0469
2890	0.0
2891	0.0
2892	0.0
2893	0.0
2894	0.0
2895	0.0
2896	0.0
2897	0.0
2898	0.0
2899	0.0
29	4.8842
290	0.0472
2900	0.0
2901	0.0
2902	0.0
2903	0.0
2904	0.0
2905	0.0
2906	0.0
2907	0.0
2908	0.0
2909	0.0
291	0.048
2910	0.0
2911	0.0
2912	0.0
2913	0.0
2914	0.0
2915	0.0
2916	0.0
2917	0.0
2918	0.0
2919	0.0
292	0.0478
2920	0.0
2921	0.0
2922	0.0
2923	0.0
2924	0.0
2925	0.0
2926	0.0
2927	0.0
2928	0.0
2929	0.0
293	0.0472
2930	0.0
2931	0.0
2932	0.0
2933	0.0
2934	0.0
2935	0.0
2936	0.0
2937	0.0
2938	0.0
2939	0.0
294	0.0672
2940	0.0
2941	0.0
2942	0.0
2943	0.0
2944	0.0
2945	0.0
2946	0.0
2947	0.0
2948	0.0
2949	0.0
295	0.0673
2950	0.0
2951	0.0
2952	0.0
2953	0.0
2954	0.0
2955	0.0
2956	0.0
2957	0.0
2958	0.0
2959	0.0
296	0.067
2960	0.0
2961	0.0
2962	0.0
2963	0.0
2964	0.0
2965	0.0
2966	0.0
2967	0.0
2968	0.0
2969	0.0
297	0.0698
2970	0.0
2971	0.0
2972	0.0
2973	0.0
2974	0.0
2975	0.0
2976	0.0
2977	0.0
2978	0.0
2979	0.0
298	0.0699
2980	0.0
2981	0.0
2982	0.0
2983	0.0035
2984	4.0E-4
2985	4.0E-4
2986	4.0E-4
2987	4.0E-4
2988	4.0E-4
2989	4.0E-4
299	0.067
2990	4.0E-4
2991	3.0E-4
2992	3.0E-4
2993	3.0E-4
2994	1.0E-4
2995	3.0E-4
2996	3.0E-4
2997	3.0E-4
2998	1.0E-4
2999	1.0E-4
3	0.0049
30	1.268
300	0.2768
3000	1.0E-4
3001	1.0E-4
3002	1.0E-4
3003	1.0E-4
3004	1.0E-4
3005	1.0E-4
3006	1.0E-4
3007	1.0E-4
3008	1.0E-4
3009	1.0E-4
301	0.067
3010	1.0E-4
3011	1.0E-4
3012	1.0E-4
3013	1.0E-4
3014	1.0E-4
3015	1.0E-4
3016	1.0E-4
3017	1.0E-4
3018	1.0E-4
3019	1.0E-4
302	0.1738
3020	1.0E-4
3021	1.0E-4
3022	1.0E-4
3023	1.0E-4
3024	1.0E-4
3025	1.0E-4
3026	3.0E-4
3027	3.0E-4
3028	2.0E-4
3029	2.0E-4
303	0.2173
3030	6.0E-4
3031	6.0E-4
3032	1.0E-4
3033	1.0E-4
3034	1.0E-4
3035	1.0E-4
3036	1.0E-4
3037	1.0E-4
3038	1.0E-4
3039	1.0E-4
304	0.003
3040	1.0E-4
3041	1.0E-4
3042	1.0E-4
3043	1.0E-4
3044	1.0E-4
3045	1.0E-4
3046	1.0E-4
3047	1.0E-4
3048	1.0E-4
3049	1.0E-4
305	0.007
3050	1.0E-4
3051	1.0E-4
3052	1.0E-4
3053	1.0E-4
3054	1.0E-4
3055	5.0E-4
3056	4.0E-4
3057	5.0E-4
3058	4.0E-4
3059	1.0E-4
306	0.0073
3060	1.0E-4
3061	1.0E-4
3062	1.0E-4
3063	1.0E-4
3064	1.0E-4
3065	3.0E-4
3066	3.0E-4
3067	1.0E-4
3068	2.0E-4
3069	1.0E-4
307	0.0079
3070	1.0E-4
3071	1.0E-4
3072	1.0E-4
3073	1.0E-4
3074	1.0E-4
3075	1.0E-4
3076	1.0E-4
3077	1.0E-4
3078	2.0E-4
3079	2.0E-4
308	0.0039
3080	2.0E-4
3081	2.0E-4
3082	2.0E-4
3083	2.0E-4
3084	2.0E-4
3085	2.0E-4
3086	2.0E-4
3087	2.0E-4
3088	0.2778
3089	1.0924
309	0.4118
3090	0.0965
3091	0.0965
3092	0.0965
3093	0.0965
3094	0.0984
3095	0.195
3096	0.0965
3097	0.1066
3098	0.1711
3099	0.1596
31	0.7086
310	0.3464
3100	0.1596
3101	0.1596
3102	0.1069
3103	0.1069
3104	0.1184
3105	0.1596
3106	0.1596
3107	0.1628
3108	0.1596
3109	0.2007
311	0.3479
3110	0.1596
3111	0.5517
3112	0.1493
3113	0.1492
3114	0.0253
3115	0.0286
3116	0.0253
3117	0.0299
3118	0.0253
3119	0.1411
312	0.3643
3120	0.0982
3121	0.0
3122	0.0
3123	0.0
3124	0.0
3125	0.0
3126	0.0
3127	0.0
3128	0.0
3129	1.0041
313	0.3464
3130	2.0E-4
3131	2.0E-4
3132	2.0E-4
3133	1.0E-4
3134	1.0E-4
3135	1.0E-4
3136	1.0E-4
3137	1.0E-4
3138	1.0E-4
3139	4.0E-4
314	0.3464
3140	0.1485
3141	0.1485
3142	0.1485
3143	0.1485
3144	0.1485
3145	0.1485
3146	0.1485
3147	0.1485
3148	0.1485
3149	0.1485
315	0.3464
3150	0.1485
3151	0.1485
3152	3.0E-4
3153	1.0E-4
3154	1.0E-4
3155	1.0E-4
3156	8.0E-4
3157	2.0E-4
3158	1.0E-4
3159	2.0E-4
316	0.3464
3160	1.0E-4
3161	2.0E-4
3162	1.0E-4
3163	0.0403
3164	0.0046
3165	1.0E-4
3166	1.0E-4
3167	6.0E-4
3168	6.0E-4
3169	0.0015
317	0.3464
3170	0.067
3171	0.068
3172	0.068
3173	0.067
3174	2.0E-4
3175	2.0E-4
3176	2.0E-4
3177	0.0096
3178	0.0096
3179	0.0096
318	0.3464
3180	0.0115
3181	0.1039
3182	2.5977
3183	0.0139
3184	1.4444
3185	0.0096
3186	4.7068
3187	0.0131
3188	3.0976
3189	0.3705
319	0.3464
3190	0.3705
3191	0.0117
3192	0.0096
3193	0.0096
3194	0.0096
3195	0.0096
3196	0.216
3197	0.0
3198	0.0
3199	0.0
32	1.1552
320	0.4189
3200	0.0
3201	0.0
3202	0.0
3203	0.0
3204	0.0
3205	0.0
3206	0.0
3207	0.0
3208	0.0
3209	0.0
321	0.0395
3210	0.0
3211	0.0
3212	0.0
3213	0.0
3214	0.0
3215	0.0
3216	0.0
3217	0.0
3218	0.0
3219	0.0
322	0.0397
3220	8.8138
3221	6.7473
3222	1.9482
3223	4.6837
3224	7.4356
3225	3.5404
3226	6.0596
3227	11.7985
3228	5.3708
3229	3.084
323	0.0397
3230	0.0
3231	0.0
3232	0.0
3233	1.0E-4
3234	1.0E-4
3235	1.0E-4
3236	0.0
3237	0.0
3238	0.0
3239	0.0
324	0.0345
3240	0.0
3241	0.0
3242	0.0
3243	0.0
3244	0.0
3245	0.0
3246	0.0
3247	0.0
3248	0.0
3249	0.0
325	0.0106
3250	0.0
3251	0.0
3252	0.0
3253	0.0
3254	0.0
3255	0.0
3256	0.0
3257	0.0
3258	0.0
3259	0.0
326	0.0106
3260	0.0
3261	0.0
3262	0.0
3263	0.0
3264	0.0
3265	0.0
3266	0.0
3267	0.0
3268	0.0
3269	0.0
327	0.0106
3270	0.0
3271	0.0
3272	0.0
3273	0.0
3274	3.6369
3275	0.0
3276	0.0
3277	0.0
3278	0.0
3279	0.0
328	0.0106
3280	0.0
3281	0.0
3282	0.0
3283	0.0
3284	0.0
3285	0.0
3286	0.0
3287	0.0
3288	0.0
3289	0.0
329	0.0106
3290	0.0
3291	0.0
3292	0.0
3293	0.0
3294	0.0
3295	0.0
3296	0.0
3297	0.0
3298	0.0
3299	0.0
33	1.4149
330	0.0106
3300	0.0011
3301	0.0011
3302	0.0011
3303	4.0E-4
3304	4.0E-4
3305	4.0E-4
3306	4.0E-4
3307	4.0E-4
3308	4.0E-4
3309	4.0E-4
331	0.0343
3310	4.0E-4
3311	4.0E-4
3312	4.0E-4
3313	3.0E-4
3314	3.0E-4
3315	3.0E-4
3316	3.0E-4
3317	3.0E-4
3318	3.0E-4
3319	3.0E-4
332	0.0389
3320	3.0E-4
3321	3.0E-4
3322	0.0097
3323	0.0097
3324	0.0097
3325	0.0097
3326	0.0097
3327	0.0097
3328	0.0097
3329	0.0
333	0.0029
3330	0.0
3331	0.0
3332	0.0
3333	0.0
3334	0.0
3335	0.0
3336	0.0
3337	0.0
3338	0.0
3339	0.0
334	0.0666
3340	0.0
3341	0.0
3342	0.0
3343	0.0
3344	0.0
3345	0.0
3346	0.0
3347	0.0
3348	0.0
3349	0.0
335	0.0666
3350	0.0
3351	1.0E-4
3352	1.0E-4
3353	1.0E-4
3354	1.0E-4
3355	1.0E-4
3356	0.0
3357	0.0
3358	0.0
3359	0.0
336	0.0666
3360	0.0
3361	0.0
3362	0.0
3363	0.0
3364	0.0
3365	0.0
3366	0.0
3367	0.0
3368	0.0
3369	0.0
337	0.2565
3370	0.0
3371	0.0
3372	0.0
3373	0.0
3374	0.0
3375	0.0
3376	0.0
3377	0.0
3378	0.0
3379	0.0
338	0.2565
3380	0.0
3381	0.0
3382	0.0
3383	0.0
3384	0.0
3385	0.0
3386	0.0
3387	0.0
3388	0.0
3389	0.0
339	0.2565
3390	0.0
3391	0.0
3392	0.0
3393	0.0
3394	0.0
3395	0.0
3396	0.0
3397	0.0
3398	0.0
3399	0.0
34	0.7079
340	7.0E-4
3400	0.0
3401	0.0
3402	0.0
3403	0.0
3404	0.0
3405	0.0
3406	0.0
3407	0.0
3408	0.0
3409	0.0
341	0.0041
3410	0.0
3411	0.0
3412	0.0
3413	0.0
3414	0.0
3415	0.0
3416	0.0
3417	0.0
3418	0.0
3419	0.0
342	2.0E-4
3420	0.0
3421	0.0
3422	0.0
3423	0.0
3424	0.0
3425	0.0
3426	0.0
3427	0.0
3428	0.0
3429	0.0
343	2.0E-4
3430	0.0
3431	0.0
3432	0.0
3433	0.0
3434	0.0
3435	0.0
3436	0.0
3437	0.0
3438	0.0
3439	0.0
344	0.002
3440	0.0
3441	0.0
3442	0.0
3443	0.0
3444	0.0
3445	0.0
3446	0.0
3447	0.0
3448	0.0
3449	0.0
345	1.0E-4
3450	0.0
3451	0.0
3452	0.0
3453	0.0
3454	0.0
3455	0.0
3456	0.0
3457	0.0
3458	0.0
3459	0.0
346	1.0E-4
3460	0.0
3461	0.0
3462	0.0
3463	0.0
3464	0.0
3465	0.0
3466	0.0
3467	0.0
3468	0.0
3469	0.0
347	1.0E-4
3470	0.0
3471	0.0
3472	0.0
3473	0.0
3474	0.0
3475	0.0
3476	0.0
3477	0.0
3478	0.0
3479	1.0698
348	3.0E-4
3480	1.0698
3481	1.0698
3482	1.0698
3483	1.0698
3484	1.0698
3485	1.0698
3486	1.0698
3487	1.0698
3488	1.0698
3489	0.0
349	1.0E-4
3490	0.0
3491	0.0
3492	0.0
3493	0.0
3494	0.0
3495	0.0
3496	0.0
3497	0.0
3498	0.0
3499	0.0
35	0.8117
350	1.0E-4
3500	0.0
3501	0.0
3502	0.0
3503	0.0
3504	0.0
3505	0.0
3506	0.0
3507	0.0
3508	0.0
3509	0.0
351	1.0E-4
3510	0.0
3511	0.0037
3512	0.0987
3513	1.0E-4
3514	1.5155
3515	4.0E-4
3516	4.0E-4
3517	1.0E-4
3518	1.0E-4
3519	1.0E-4
352	1.0E-4
3520	0.0
3521	0.0
3522	0.0
3523	0.0
3524	0.0
3525	0.0
3526	0.0
3527	0.0
3528	0.0
3529	0.0
353	1.0E-4
3530	0.0
3531	0.0
3532	0.0
3533	0.0
3534	0.0
3535	0.0
3536	0.0
3537	0.0
3538	0.0
3539	0.0
354	1.0E-4
3540	0.0
3541	0.0
3542	0.0
3543	0.0
3544	0.0
3545	0.0
3546	0.0
3547	0.0
3548	0.0
3549	0.0
355	1.0E-4
3550	0.0
3551	0.0
3552	0.0
3553	0.0
3554	0.0
3555	0.0
3556	0.0
3557	0.0
3558	0.0
3559	0.0
356	0.828
3560	0.0
3561	0.0
3562	0.0
3563	0.0
3564	0.0
3565	0.0
3566	0.0
3567	0.0
3568	0.0
3569	0.0
357	0.7537
3570	0.0
3571	0.0
3572	0.0
3573	0.0
3574	0.0
3575	0.0
3576	0.0
3577	0.0
3578	0.0
3579	0.0
358	0.2042
3580	0.0
3581	0.0
3582	0.0
3583	2.0E-4
3584	0.4542
3585	0.524
3586	0.6889
3587	0.524
3588	0.0118
3589	0.0118
359	0.312
3590	0.0155
3591	0.021
3592	0.021
3593	0.021
3594	0.0263
3595	0.0263
3596	0.0263
3597	0.0167
3598	0.0263
3599	0.0263
36	1.8537
360	0.2042
3600	0.5313
3601	0.0176
3602	0.1132
3603	0.0245
3604	0.0252
3605	0.0858
3606	0.0858
3607	0.0053
3608	0.013
3609	0.0053
361	0.2042
3610	0.013
3611	0.0079
3612	0.0079
3613	0.0564
3614	0.013
3615	0.0438
3616	0.0573
3617	0.0107
3618	0.0107
3619	0.0107
362	1.0833
3620	0.0107
3621	0.0107
3622	0.0107
3623	0.0107
3624	0.0242
3625	0.0107
3626	0.0215
3627	0.0135
3628	0.0135
3629	0.0135
363	0.0044
3630	0.0135
3631	0.0135
3632	0.0135
3633	0.0135
3634	0.0172
3635	0.0172
3636	0.0172
3637	0.0272
3638	0.0061
3639	0.0061
364	0.0044
3640	0.0061
3641	0.0061
3642	0.0061
3643	2.183
3644	2.183
3645	2.0468
3646	2.0468
3647	2.0468
3648	2.0468
3649	0.0029
365	0.0075
3650	0.0029
3651	0.0029
3652	0.0029
3653	0.0029
3654	0.0029
3655	0.0029
3656	0.0029
3657	0.0029
3658	0.0029
3659	0.0113
366	0.0044
3660	0.0054
3661	0.0054
3662	0.0054
3663	0.0054
3664	0.1663
3665	0.0
3666	0.0
3667	0.0
3668	0.0
3669	0.0
367	0.0044
3670	0.0
3671	0.0
3672	0.0
3673	0.0
3674	0.0
3675	0.0
3676	0.0
3677	0.0
3678	0.0
3679	0.0
368	0.0044
3680	0.0
3681	0.0
3682	0.0
3683	0.0
3684	0.0
3685	0.0
3686	0.0
3687	0.0
3688	0.0
3689	0.0
369	0.5684
3690	0.0
3691	0.0
3692	0.0
3693	0.0
3694	0.0
3695	0.0
3696	0.0
3697	0.0
3698	0.0
3699	0.0
37	8.8443
370	1.0E-4
3700	0.0
3701	0.0
3702	0.0983
3703	1.0E-4
3704	1.0E-4
3705	6.0E-4
3706	3.0E-4
3707	1.0E-4
3708	1.0E-4
3709	1.0E-4
371	3.0E-4
3710	1.0E-4
3711	1.0E-4
3712	1.0E-4
3713	1.0E-4
3714	1.0E-4
3715	1.0E-4
3716	1.0E-4
3717	1.0E-4
3718	1.0E-4
3719	1.0E-4
372	1.0E-4
3720	1.0E-4
3721	0.0
3722	0.0
3723	1.0E-4
3724	1.0E-4
3725	1.0E-4
3726	1.0E-4
3727	1.0E-4
3728	1.0E-4
3729	4.221
373	1.0E-4
3730	1.0E-4
3731	1.0E-4
3732	1.0E-4
3733	0.0085
3734	0.0365
3735	0.0091
3736	0.0085
3737	5.0E-4
3738	0.0016
3739	0.0018
374	1.0E-4
3740	0.0039
3741	0.001
3742	3.718
3743	5.0E-4
3744	5.0E-4
3745	5.0E-4
3746	5.0E-4
3747	5.0E-4
3748	2.0E-4
3749	3.0E-4
375	1.0E-4
3750	2.0E-4
3751	0.0012
3752	0.0012
3753	0.0012
3754	0.0012
3755	0.0012
3756	0.0012
3757	0.0012
3758	0.0012
3759	0.0043
376	1.0E-4
3760	0.0043
3761	0.0043
3762	0.02
3763	0.02
3764	0.02
3765	0.02
3766	1.2966
3767	1.2966
3768	0.0019
3769	0.0019
377	2.0E-4
3770	0.0019
3771	0.0019
3772	0.0019
3773	1.4369
3774	1.4369
3775	1.4369
3776	1.4369
3777	0.0027
3778	0.0027
3779	0.0027
378	1.0E-4
3780	0.0027
3781	0.7838
3782	1.0443
3783	0.7838
3784	0.7838
3785	0.7838
3786	0.7838
3787	0.0021
3788	0.0027
3789	1.0311
379	1.0E-4
3790	1.0311
3791	1.0311
3792	0.0818
3793	0.0818
3794	0.0818
3795	0.0818
3796	0.0818
3797	0.0818
3798	0.0818
3799	0.0818
38	8.1572
380	1.0E-4
3800	0.0
3801	0.0
3802	0.0
3803	0.0
3804	0.0
3805	0.0
3806	0.0
3807	0.0
3808	3.6369
3809	0.0
381	1.0E-4
3810	0.0
3811	0.0
3812	0.0
3813	0.0
3814	0.0
3815	0.0
3816	0.0
3817	0.0
3818	0.0
3819	0.0
382	0.0054
3820	0.0
3821	0.0
3822	0.0
3823	0.0
3824	0.0
3825	0.0
3826	0.0
3827	0.0
3828	0.0
3829	0.0
383	0.0054
3830	0.0
3831	0.0
3832	0.0
3833	0.0
3834	10.2802
3835	4.9188
3836	1.9233
3837	0.8233
3838	0.5055
3839	0.4113
384	0.0104
3840	0.383
3841	0.3744
3842	0.3717
3843	0.371
3844	0.3707
3845	0.3707
3846	0.3706
3847	0.3706
3848	0.3706
3849	0.3706
385	0.0104
3850	0.3706
3851	0.3706
3852	0.3706
3853	0.3706
3854	0.3706
3855	0.3706
3856	0.3706
3857	0.3706
3858	0.3706
3859	0.3706
386	0.0104
3860	0.3706
3861	0.3706
3862	0.3706
3863	0.3707
3864	0.3707
3865	0.3709
3866	0.3716
3867	0.3738
3868	0.3818
3869	0.4106
387	0.0229
3870	0.5228
3871	1.0014
3872	2.7205
3873	7.8442
3874	0.2156
3875	7.9147
3876	3.8542
3877	1.561
3878	0.7134
3879	0.4683
388	0.0061
3880	0.3956
3881	0.3737
3882	0.367
3883	0.365
3884	0.3644
3885	0.3642
3886	0.3642
3887	0.3641
3888	0.3641
3889	0.3641
389	0.0131
3890	0.3641
3891	0.3641
3892	0.3641
3893	0.3641
3894	0.3641
3895	0.3642
3896	0.3642
3897	0.3643
3898	0.3649
3899	0.3666
39	2.1039
390	2.0E-4
3900	0.3727
3901	0.395
3902	0.4816
3903	0.8508
3904	2.1632
3905	6.047
3906	0.2116
3907	2.3989
3908	1.3394
3909	0.6776
391	0.003
3910	0.4192
3911	0.3456
3912	0.3299
3913	0.3499
3914	0.4615
3915	0.8302
3916	1.8523
3917	0.179
3918	5.5497
3919	2.7856
392	2.0E-4
3920	1.1938
3921	0.5986
3922	0.4262
3923	0.3749
3924	0.3595
3925	0.3548
3926	0.3533
3927	0.3529
3928	0.3527
3929	0.3527
393	2.0E-4
3930	0.3527
3931	0.3528
3932	0.3532
3933	0.3544
3934	0.3588
3935	0.3745
3936	0.4355
3937	0.6953
3938	1.6017
3939	4.2496
394	2.0E-4
3940	0.2047
3941	8.7027
3942	4.2092
3943	1.6821
3944	0.7504
3945	0.4811
3946	0.4012
3947	0.3771
3948	0.3698
3949	0.3676
395	2.0E-4
3950	0.3669
3951	0.3667
3952	0.3666
3953	0.3666
3954	0.3666
3955	0.3666
3956	0.3666
3957	0.3666
3958	0.3666
3959	0.3666
396	2.0E-4
3960	0.3666
3961	0.3666
3962	0.3666
3963	0.3666
3964	0.3666
3965	0.3667
3966	0.3669
3967	0.3674
3968	0.3694
3969	0.3761
397	2.0E-4
3970	0.4006
3971	0.4957
3972	0.9013
3973	2.3492
3974	6.6458
3975	0.2131
3976	4.2367
3977	2.1884
3978	0.9852
3979	0.5301
398	2.0E-4
3980	0.3981
3981	0.3588
3982	0.3469
3983	0.3433
3984	0.3423
3985	0.3422
3986	0.343
3987	0.3464
3988	0.3584
3989	0.4052
399	3.0E-4
3990	0.6042
3991	1.2858
3992	3.2513
3993	0.198
3994	7.127
3995	3.499
3996	1.4395
3997	0.6759
3998	0.4551
3999	0.3895
4	0.0027
40	2.8384
400	2.0E-4
4000	0.3697
4001	0.3637
4002	0.3619
4003	0.3614
4004	0.3612
4005	0.3611
4006	0.3611
4007	0.3611
4008	0.3611
4009	0.3611
401	2.0E-4
4010	0.3611
4011	0.3611
4012	0.3612
4013	0.3613
4014	0.3618
4015	0.3634
4016	0.3689
4017	0.389
4018	0.467
4019	0.7998
402	2.0E-4
4020	1.9768
4021	5.4484
4022	0.2098
4023	13.6945
4024	6.4524
4025	2.4424
4026	0.9781
4027	0.5554
4028	0.4302
4029	0.3926
403	2.0E-4
4030	0.3811
4031	0.3777
4032	0.3766
4033	0.3763
4034	0.3762
4035	0.3762
4036	0.3762
4037	0.3762
4038	0.3762
4039	0.3762
404	2.0E-4
4040	0.3762
4041	0.3762
4042	0.3762
4043	0.3762
4044	0.3762
4045	0.3762
4046	0.3762
4047	0.3762
4048	0.3762
4049	0.3762
405	2.0E-4
4050	0.3762
4051	0.3762
4052	0.3762
4053	0.3762
4054	0.3762
4055	0.3762
4056	0.3762
4057	0.3762
4058	0.3762
4059	0.3762
406	2.0E-4
4060	0.3762
4061	0.3762
4062	0.3762
4063	0.3762
4064	0.3762
4065	0.3762
4066	0.3763
4067	0.3766
4068	0.3774
4069	0.3805
407	2.0E-4
4070	0.391
4071	0.4293
4072	0.5784
4073	1.2149
4074	3.5217
4075	10.4379
4076	0.219
4077	6.3376
4078	3.1423
4079	1.317
408	2.0E-4
4080	0.6377
4081	0.4411
4082	0.3826
4083	0.365
4084	0.3597
4085	0.358
4086	0.3575
4087	0.3574
4088	0.3573
4089	0.3573
409	0.0067
4090	0.3573
4091	0.3573
4092	0.3574
4093	0.3575
4094	0.3579
4095	0.3593
4096	0.3643
4097	0.3822
4098	0.4517
4099	0.7479
41	2.0559
410	0.0067
4100	1.7895
4101	4.8485
4102	0.2075
4103	3.7113
4104	1.948
4105	0.8999
4106	0.5008
4107	0.385
4108	0.3504
4109	0.3401
411	0.0067
4110	0.3371
4111	0.337
4112	0.3396
4113	0.3501
4114	0.3912
4115	0.5658
4116	1.1578
4117	2.8517
4118	0.1942
4119	0.0
412	0.0067
4120	0.0
4121	1.0E-4
4122	0.0
4123	0.0
4124	0.0
4125	0.0
4126	0.0
4127	0.0
4128	0.0
4129	0.0
413	0.0067
4130	0.0
4131	0.0
4132	0.0
4133	0.0
4134	0.0
4135	0.0
4136	0.0
4137	0.0
4138	0.0
4139	4.3643
414	0.0067
4140	2.274
4141	1.0588
4142	0.6018
4143	0.4708
4144	0.4323
4145	0.4208
4146	0.4176
4147	0.4175
4148	0.4204
4149	0.4323
415	0.0049
4150	0.4794
4151	0.6822
4152	1.3748
4153	3.3751
4154	0.0
4155	0.0
4156	0.0
4157	0.0
4158	0.0
4159	0.0
416	0.0268
4160	0.0
4161	0.0
4162	0.0
4163	0.0
4164	0.0
4165	0.0
4166	0.0
4167	0.0
4168	0.0
4169	0.0
417	2.0E-4
4170	0.0
4171	0.0
4172	0.0
4173	0.0
4174	0.0
4175	0.0
4176	0.0
4177	0.0
4178	0.0
4179	0.0
418	2.0E-4
4180	0.0
4181	0.0
4182	0.0
4183	0.0
4184	0.0
4185	0.0
4186	0.0
4187	0.0
4188	0.0
4189	0.0
419	2.0E-4
4190	0.0
4191	0.0
4192	0.0
4193	0.0
4194	0.0
4195	0.0
4196	0.0
4197	0.0
4198	0.0
4199	0.0
42	2.6581
420	2.0E-4
4200	0.0
4201	0.0
4202	0.0
4203	0.0
4204	0.0
4205	0.0
4206	0.0
4207	0.0
4208	0.0
4209	0.0
421	2.0E-4
4210	0.0
4211	0.0
4212	0.0
4213	0.0
4214	0.0
4215	0.0
4216	0.0
4217	0.0
4218	0.0
4219	0.0
422	2.0E-4
4220	0.0
4221	0.0
4222	0.0
4223	0.0
4224	0.0
4225	0.0
4226	0.0
4227	0.0
4228	0.0
4229	0.0
423	2.0E-4
4230	0.0
4231	0.0
4232	0.0
4233	0.0
4234	0.0
4235	0.0
4236	0.0
4237	0.0
4238	0.0
4239	0.0
424	2.0E-4
4240	0.0
4241	0.0
4242	0.0
4243	0.0
4244	0.0
4245	0.0
4246	0.0
4247	0.0
4248	0.0
4249	0.0
425	1.3174
4250	0.0
4251	0.0
4252	0.0
4253	0.0
4254	0.0
4255	0.0
4256	0.0
4257	0.0
4258	0.0
4259	0.0
426	0.1171
4260	0.0
4261	0.0
4262	0.0
4263	0.0
4264	0.0
4265	0.0
4266	0.0
4267	0.0
4268	0.0
4269	0.0
427	0.0566
4270	0.0
4271	0.0
4272	0.0
4273	0.0
4274	0.0
4275	0.0
4276	0.0
4277	0.0
4278	0.0
4279	0.0
428	0.0113
4280	0.0
4281	0.0
4282	0.0
4283	0.0
4284	0.0
4285	0.0
4286	0.0
4287	0.0
4288	0.0
4289	0.0
429	0.1638
4290	0.0
4291	0.0
4292	0.0
4293	0.0
4294	0.0
4295	0.0
4296	0.0
4297	0.0
4298	0.0
4299	0.0
43	6.7273
430	0.325
4300	0.0
4301	0.0
4302	0.0
4303	0.0
4304	0.0
4305	0.0
4306	0.0
4307	0.0
4308	0.0
4309	0.0
431	0.0043
4310	0.0
4311	0.0
4312	0.0
4313	0.0
4314	0.0
4315	0.0
4316	0.0
4317	0.0
4318	0.0
4319	0.0
432	3.0E-4
4320	0.0
4321	0.0
4322	0.0
4323	0.0
4324	0.0
4325	0.0
4326	0.0
4327	0.0
4328	0.0
4329	0.0
433	0.0043
4330	0.0
4331	0.0
4332	0.0
4333	0.0
4334	0.0
4335	0.0
4336	0.0
4337	0.0
4338	0.0
4339	0.0
434	0.0043
4340	0.0
4341	0.0
4342	0.0
4343	0.0
4344	0.0
4345	0.0
4346	0.0
4347	0.0
4348	0.0
4349	0.0
435	0.0041
4350	0.0
4351	0.0
4352	0.0
4353	0.0
4354	0.0
4355	0.0
4356	0.0
4357	0.0
4358	0.0
4359	0.0
436	0.0041
4360	0.0
4361	0.0
4362	0.0
4363	0.0
4364	0.0
4365	0.0
4366	0.0
4367	0.0
4368	0.0
4369	0.0
437	0.0041
4370	0.0
4371	0.0
4372	0.0
4373	0.0
4374	0.0
4375	0.0
4376	0.0
4377	0.0
4378	0.0
4379	0.0
438	0.0041
4380	0.0
4381	0.0
4382	0.0
4383	0.0
4384	0.0
4385	0.0
4386	0.0
4387	0.0
4388	0.0
4389	0.0
439	0.0041
4390	0.0
4391	0.0
4392	0.0
4393	0.0
4394	0.0
4395	0.0
4396	0.0
4397	0.0
4398	0.0
4399	0.0
44	1.7248
440	0.0041
4400	0.0
4401	0.0
4402	0.0
4403	0.0
4404	0.0
4405	0.0
4406	0.0
4407	0.0
4408	0.0
4409	0.0
441	8.0E-4
4410	0.0
4411	0.0
4412	0.0
4413	0.0
4414	0.0
4415	0.0
4416	0.0
4417	0.0
4418	0.0
4419	0.0
442	9.0E-4
4420	0.0
4421	0.0
4422	0.0
4423	0.0
4424	0.0
4425	0.0
4426	0.0
4427	0.0
4428	0.0
4429	0.0
443	9.0E-4
4430	0.0
4431	0.0
4432	0.0
4433	0.0
4434	0.0
4435	0.0
4436	1.0E-4
4437	1.0E-4
4438	0.0
4439	1.0E-4
444	9.0E-4
4440	1.0E-4
4441	1.0E-4
4442	1.0E-4
4443	0.0
4444	0.0
4445	0.0
4446	1.0E-4
4447	1.0E-4
4448	0.0
4449	0.0
445	0.006
4450	0.0
4451	0.0
4452	0.0
4453	0.0
4454	0.0
4455	0.0
4456	0.0
4457	0.0
4458	3.6369
4459	0.0
446	0.006
4460	0.0
4461	0.0
4462	0.0
4463	0.0
4464	0.0
4465	0.0
4466	0.0
4467	0.0
4468	0.0
4469	0.0
447	0.006
4470	0.0
4471	0.0
4472	0.0
4473	0.0
4474	0.0
4475	0.0
4476	0.0
4477	0.0
4478	0.0
4479	0.0
448	0.0104
4480	0.0
4481	0.0
4482	0.0
4483	0.0
4484	0.1671
4485	1.5155
4486	0.0
4487	0.0
4488	0.0
4489	0.0
449	0.0061
4490	0.0
4491	0.0
4492	0.0
4493	0.0
4494	0.0
4495	0.0
4496	0.0
4497	0.0
4498	0.0
4499	0.0
45	0.9006
450	0.0042
4500	0.0
4501	0.0
4502	0.0
4503	0.0
4504	0.0
4505	0.0
4506	0.0
4507	0.0
4508	0.0
4509	0.0
451	0.004
4510	0.0
4511	0.0
4512	0.0
4513	0.0
4514	0.0
4515	0.0
4516	0.0
4517	0.0
4518	0.0
4519	0.0
452	0.0032
4520	0.0
4521	0.0
4522	0.0
4523	0.0
4524	0.0
4525	0.0
4526	0.0
4527	0.0
4528	0.0
4529	0.0
453	0.0029
4530	0.0
4531	0.0
4532	0.0
4533	0.0
4534	0.0
4535	0.0
4536	0.0
4537	0.0
4538	0.0
4539	0.0
454	0.0029
4540	0.0
4541	0.0
4542	0.0
4543	0.0
4544	0.0
4545	0.0
4546	0.0
4547	0.0
4548	0.0
4549	0.0
455	0.0029
4550	0.0
4551	0.0
4552	0.0
4553	0.0
4554	0.0
4555	0.0
4556	0.0
4557	0.0
4558	0.0
4559	0.0
456	0.0029
4560	0.0
4561	0.0
4562	0.0
4563	0.0
4564	0.0
4565	0.0
4566	0.0
4567	0.0
4568	0.0
4569	0.0
457	0.0308
4570	0.0
4571	0.0
4572	0.0
4573	0.0
4574	0.0
4575	0.0
4576	0.0
4577	0.0
4578	0.0
4579	0.0
458	0.0308
4580	0.0
4581	0.0
4582	0.0
4583	0.0
4584	0.0
4585	0.0
4586	0.0
4587	0.0
4588	0.0
4589	0.0
459	0.0308
4590	0.0
4591	0.0
4592	0.0
4593	0.0
4594	0.0
4595	0.0
4596	0.0
4597	0.0
4598	0.0
4599	0.0
46	1.7869
460	0.0284
4600	0.0
4601	0.0
4602	0.0
4603	0.0
4604	0.0
4605	0.0
4606	0.0
4607	0.0
4608	0.0
4609	0.0
461	0.0308
4610	0.0
4611	0.0
4612	0.0
4613	0.0
4614	0.0
4615	0.0
4616	0.0
4617	0.0
4618	0.0
4619	0.0
462	0.0309
4620	0.0
4621	0.0
4622	0.0
4623	0.0
4624	0.0
4625	0.0
4626	0.0
4627	0.0
4628	0.0
4629	0.0
463	0.0309
4630	0.0
4631	0.0
4632	0.0
4633	0.0
4634	0.0
4635	0.0
4636	0.0
4637	0.0
4638	0.0
4639	0.0
464	0.0309
4640	0.0
4641	0.0
4642	0.0
4643	0.0
4644	0.0
4645	0.0
4646	0.0
4647	0.0
4648	0.0
4649	0.0
465	0.0308
4650	0.0
4651	0.0
4652	0.0
4653	0.0
4654	0.0
4655	0.0
4656	0.0
4657	0.0
4658	0.0
4659	0.0
466	0.0308
4660	0.0
4661	0.0
4662	0.0
4663	0.0
4664	0.0
4665	0.0
4666	0.0
4667	0.0
4668	0.0
4669	0.0
467	0.0334
4670	0.0
4671	0.0
4672	0.0
4673	0.0
4674	0.0
4675	0.0
4676	0.0
4677	0.0
4678	0.0
4679	0.0
468	0.0334
4680	0.0
4681	0.0
4682	0.0
4683	0.0
4684	0.0
4685	0.0
4686	0.0
4687	0.0
4688	0.0
4689	0.0
469	0.0088
4690	0.0
4691	0.0
4692	0.0
4693	0.0
4694	0.0
4695	0.0
4696	0.0
4697	0.0
4698	0.0
4699	0.0
47	0.4727
470	0.0095
4700	0.0
4701	0.0
4702	0.0
4703	0.0
4704	0.0
4705	0.0
4706	0.0
4707	0.0
4708	0.0
4709	0.0
471	0.0095
4710	0.0
4711	0.0
4712	0.0
4713	0.0
4714	0.0
4715	0.0
4716	0.0
4717	0.0
4718	0.0
4719	0.0
472	0.0095
4720	0.0
4721	0.0
4722	0.0
4723	0.0
4724	0.0
4725	0.0
4726	0.0
4727	0.0
4728	0.0
4729	0.0
473	0.0087
4730	0.0
4731	0.0
4732	0.0
4733	0.0
4734	0.0
4735	0.0
4736	0.0
4737	0.0
4738	0.0
4739	0.0
474	0.0017
4740	0.0
4741	0.0
4742	0.0
4743	0.0
4744	0.0
4745	0.0
4746	0.0
4747	0.0
4748	0.0
4749	0.0
475	9.0E-4
4750	0.0
4751	0.0
4752	0.0
4753	0.0
4754	0.0
4755	0.0
4756	0.0
4757	0.0
4758	0.0
4759	0.0
476	9.0E-4
4760	0.0
4761	0.0
4762	0.0
4763	0.0
4764	0.0
4765	0.0
4766	0.0
4767	0.0
4768	0.0
4769	0.0
477	9.0E-4
4770	0.0
4771	0.0
4772	0.0
4773	0.0
4774	0.0778
4775	0.0698
4776	0.2817
4777	0.2817
4778	0.0492
4779	0.0492
478	9.0E-4
4780	0.0492
4781	0.0412
4782	0.0412
4783	0.0412
4784	0.0444
4785	0.0527
4786	0.0527
4787	0.0544
4788	0.0544
4789	0.0412
479	0.0567
4790	0.0452
4791	0.0412
4792	0.0452
4793	0.001
4794	9.0E-4
4795	9.0E-4
4796	9.0E-4
4797	9.0E-4
4798	9.0E-4
4799	0.0021
48	1.1048
480	0.0787
4800	9.0E-4
4801	0.0019
4802	0.0032
4803	0.0032
4804	0.0032
4805	0.0283
4806	0.8367
4807	0.0142
4808	0.0142
4809	0.0283
481	0.0564
4810	2.7338
4811	0.0189
4812	0.0822
4813	0.0026
4814	0.003
4815	0.1407
4816	0.0077
4817	0.0077
4818	0.0077
4819	1.2353
482	0.0015
4820	0.0077
4821	0.002
4822	0.002
4823	0.002
4824	0.002
4825	0.002
4826	0.002
4827	0.002
4828	0.0099
4829	0.0099
483	0.0015
4830	0.0043
4831	0.0028
4832	0.0028
4833	0.0124
4834	0.0124
4835	0.0124
4836	0.0124
4837	0.0124
4838	0.014
4839	0.0024
484	0.0015
4840	0.0098
4841	0.0098
4842	0.0098
4843	0.0033
4844	0.0083
4845	0.0017
4846	0.0017
4847	0.0017
4848	0.3629
4849	0.3629
485	0.0013
4850	0.3629
4851	0.2724
4852	0.2724
4853	0.2724
4854	0.0032
4855	0.0032
4856	0.0032
4857	0.0196
4858	0.0196
4859	0.0196
486	0.0012
4860	0.0589
4861	0.0589
4862	0.1664
4863	1.0E-4
4864	1.0E-4
4865	2.0E-4
4866	1.0E-4
4867	2.0E-4
4868	1.0E-4
4869	2.0E-4
487	0.0012
4870	2.0E-4
4871	0.0
4872	0.0
4873	0.0
4874	0.0
4875	0.0
4876	0.0
4877	0.0
4878	0.0
4879	0.0
488	0.0012
4880	0.0
4881	0.0
4882	0.0
4883	0.0
4884	0.0
4885	0.0
4886	0.0
4887	0.0
4888	0.0
4889	0.0
489	0.0012
4890	0.0
4891	0.0
4892	0.0
4893	0.0
4894	0.0
4895	0.0
4896	0.0
4897	0.0
4898	0.0
4899	0.0
49	0.4725
490	0.0012
4900	0.0
4901	0.0
4902	0.0
4903	0.0
4904	0.0
4905	0.0
4906	0.0
4907	0.0
4908	0.0
4909	0.0
491	0.0012
4910	0.0
4911	0.0
4912	0.0
4913	0.0
4914	0.0
4915	0.0
4916	0.0
4917	0.0
4918	0.0
4919	0.0
492	0.0018
4920	0.0
4921	0.0
4922	0.0
4923	0.0
4924	0.0
4925	0.0
4926	0.0
4927	0.0
4928	0.0
4929	1.0E-4
493	0.0012
4930	0.603
4931	0.603
4932	0.603
4933	0.603
4934	0.603
4935	0.603
4936	0.603
4937	0.0013
4938	0.0013
4939	0.0013
494	2.0E-4
4940	0.0013
4941	0.0013
4942	0.0013
4943	0.0013
4944	0.0013
4945	0.0013
4946	0.0013
4947	0.0013
4948	0.0013
4949	0.0013
495	2.0E-4
4950	0.0013
4951	0.0013
4952	0.0013
4953	0.0013
4954	0.0013
4955	0.0013
4956	0.0013
4957	0.0013
4958	0.0013
4959	0.0013
496	4.0E-4
4960	0.0013
4961	0.0013
4962	0.0013
4963	0.0018
4964	0.0013
4965	0.0013
4966	0.0013
4967	0.0013
4968	0.0013
4969	0.0013
497	2.0E-4
4970	0.0013
4971	0.0013
4972	1.0E-4
4973	1.0E-4
4974	1.0E-4
4975	1.0E-4
4976	1.0E-4
4977	1.0E-4
4978	1.0E-4
4979	1.0E-4
498	0.0016
4980	1.0E-4
4981	1.0E-4
4982	1.0E-4
4983	1.0E-4
4984	1.0E-4
4985	1.0E-4
4986	1.0E-4
4987	1.0E-4
4988	1.0E-4
4989	1.0E-4
499	7.0E-4
4990	1.0E-4
4991	1.0E-4
4992	1.0E-4
4993	1.0E-4
4994	1.0E-4
4995	1.0E-4
4996	1.0E-4
4997	1.0E-4
4998	1.0E-4
4999	1.0E-4
5	0.0027
50	0.4725
500	0.1298
5000	1.0E-4
5001	6.0E-4
5002	6.0E-4
5003	6.0E-4
5004	6.0E-4
5005	6.0E-4
5006	6.0E-4
5007	6.0E-4
5008	0.7436
5009	0.7436
501	0.1264
5010	0.7436
5011	0.7436
5012	0.7436
5013	1.0E-4
5014	1.0E-4
5015	1.0E-4
5016	1.0E-4
5017	1.0E-4
5018	1.0E-4
5019	1.0E-4
502	0.1243
5020	1.0E-4
5021	1.0E-4
5022	1.0E-4
5023	1.0E-4
5024	1.0E-4
5025	1.0E-4
5026	1.0E-4
5027	1.0E-4
5028	1.0E-4
5029	1.0E-4
503	0.0503
5030	1.0E-4
5031	1.0E-4
5032	1.0E-4
5033	1.0E-4
5034	1.0E-4
5035	0.5216
5036	0.0
5037	0.0
5038	0.0
5039	0.0
504	0.0503
5040	0.0
5041	0.0
5042	0.0
5043	0.0
5044	0.0
5045	0.0
5046	0.0
5047	0.0
5048	0.0
5049	0.0
505	0.1441
5050	0.0
5051	4.3643
5052	2.274
5053	1.0588
5054	0.6018
5055	0.4708
5056	0.4323
5057	0.4208
5058	0.4176
5059	0.4175
506	0.0035
5060	0.4204
5061	0.4323
5062	0.4794
5063	0.6822
5064	1.3748
5065	3.3751
5066	0.0
5067	0.0
5068	0.0
5069	0.0
507	0.0035
5070	0.0
5071	0.0
5072	7.6347
5073	5.3983
5074	2.3277
5075	0.8048
5076	0.3335
5077	0.1884
5078	0.1439
5079	0.1302
508	0.0035
5080	0.1261
5081	0.1248
5082	0.1244
5083	0.1243
5084	0.1243
5085	0.1243
5086	0.1243
5087	0.1243
5088	0.1243
5089	0.1243
509	0.0035
5090	0.1243
5091	0.1243
5092	0.1243
5093	0.1243
5094	0.1243
5095	0.1243
5096	0.1243
5097	0.1243
5098	0.1243
5099	0.1243
51	0.0
510	0.0035
5100	0.1243
5101	0.1243
5102	0.1244
5103	0.1247
5104	0.1257
5105	0.1291
5106	0.14
5107	0.1749
5108	0.284
5109	0.6096
511	0.0035
5110	1.4798
5111	2.3376
5112	5.8617
5113	4.1716
5114	1.819
5115	0.6469
5116	0.2838
5117	0.1719
5118	0.1375
5119	0.1269
512	0.0035
5120	0.1237
5121	0.1227
5122	0.1224
5123	0.1223
5124	0.1223
5125	0.1223
5126	0.1223
5127	0.1223
5128	0.1223
5129	0.1223
513	0.0035
5130	0.1223
5131	0.1223
5132	0.1223
5133	0.1224
5134	0.1226
5135	0.1234
5136	0.126
5137	0.1345
5138	0.1614
5139	0.2455
514	0.0035
5140	0.496
5141	1.1639
5142	1.8093
5143	1.737
5144	1.3058
5145	0.6219
5146	0.2682
5147	0.1597
5148	0.1335
5149	0.1484
515	0.0035
5150	0.2206
5151	0.4168
5152	0.5734
5153	4.0907
5154	2.9446
5155	1.309
5156	0.4876
5157	0.2326
5158	0.1538
5159	0.1295
516	0.0035
5160	0.1221
5161	0.1198
5162	0.1191
5163	0.1189
5164	0.1188
5165	0.1188
5166	0.119
5167	0.1196
5168	0.1214
5169	0.1274
517	0.0035
5170	0.1463
5171	0.2054
5172	0.3808
5173	0.8467
5174	1.2805
5175	6.4524
5176	4.5803
5177	1.9886
5178	0.6997
5179	0.3005
518	0.0035
5180	0.1775
5181	0.1397
5182	0.1281
5183	0.1246
5184	0.1235
5185	0.1232
5186	0.1231
5187	0.1231
5188	0.1231
5189	0.1231
519	0.0588
5190	0.1231
5191	0.1231
5192	0.1231
5193	0.1231
5194	0.1231
5195	0.1231
5196	0.1231
5197	0.1231
5198	0.1231
5199	0.1232
52	7.6449
520	0.0588
5200	0.1234
5201	0.1243
5202	0.1272
5203	0.1364
5204	0.166
5205	0.2584
5206	0.5339
5207	1.2693
5208	1.9853
5209	3.1084
521	0.0428
5210	2.2626
5211	1.0245
5212	0.3977
5213	0.2027
5214	0.1423
5215	0.1237
5216	0.118
5217	0.1164
5218	0.1163
5219	0.1175
522	0.045
5220	0.122
5221	0.1366
5222	0.1817
5223	0.3155
5224	0.6692
5225	0.9865
5226	5.2719
5227	3.7631
5228	1.6494
5229	0.5941
523	0.1383
5230	0.2669
5231	0.1661
5232	0.1351
5233	0.1256
5234	0.1227
5235	0.1218
5236	0.1215
5237	0.1214
5238	0.1214
5239	0.1214
524	0.045
5240	0.1214
5241	0.1214
5242	0.1214
5243	0.1214
5244	0.1215
5245	0.1217
5246	0.1224
5247	0.1248
5248	0.1324
5249	0.1566
525	0.045
5250	0.2324
5251	0.4578
5252	1.0585
5253	1.6332
5254	10.1943
5255	7.1681
5256	3.0608
5257	1.0315
5258	0.4041
5259	0.2112
526	1.4621
5260	0.152
5261	0.1339
5262	0.1284
5263	0.1267
5264	0.1262
5265	0.126
5266	0.126
5267	0.126
5268	0.126
5269	0.126
527	0.035
5270	0.126
5271	0.126
5272	0.126
5273	0.126
5274	0.126
5275	0.126
5276	0.126
5277	0.126
5278	0.126
5279	0.126
528	0.0338
5280	0.126
5281	0.126
5282	0.126
5283	0.126
5284	0.126
5285	0.126
5286	0.126
5287	0.126
5288	0.126
5289	0.126
529	0.0316
5290	0.126
5291	0.126
5292	0.126
5293	0.126
5294	0.126
5295	0.126
5296	0.126
5297	0.1261
5298	0.1265
5299	0.1279
53	0.1242
530	0.0316
5300	0.1324
5301	0.1469
5302	0.1933
5303	0.3385
5304	0.7725
5305	1.9348
5306	3.0998
5307	4.6805
5308	3.3535
5309	1.4792
531	2.0E-4
5310	0.541
5311	0.2499
5312	0.1601
5313	0.1324
5314	0.124
5315	0.1213
5316	0.1205
5317	0.1203
5318	0.1202
5319	0.1202
532	0.0012
5320	0.1202
5321	0.1202
5322	0.1203
5323	0.1205
5324	0.1211
5325	0.1232
5326	0.13
5327	0.1516
5328	0.219
5329	0.4194
533	2.0E-4
5330	0.9526
5331	1.4568
5332	2.7157
5333	1.9895
5334	0.9101
5335	0.3612
5336	0.1901
5337	0.1372
5338	0.1209
5339	0.1162
534	2.0E-4
5340	0.1159
5341	0.1195
5342	0.1321
5343	0.1717
5344	0.2887
5345	0.5977
5346	0.8687
5347	3.152
5348	2.292
5349	1.0449
535	2.0E-4
5350	0.4176
5351	0.2241
5352	0.1648
5353	0.1467
5354	0.1416
5355	0.1413
5356	0.1453
5357	0.1595
5358	0.2047
5359	0.3397
536	1.1801
5360	0.6994
5361	1.0186
5362	0.0
5363	0.0
5364	0.0
5365	0.0
5366	0.0
5367	0.0
5368	0.0
5369	0.0
537	1.1801
5370	0.0
5371	0.0
5372	0.0
5373	0.0
5374	0.0
5375	0.0
5376	0.0
5377	0.0
5378	0.0
5379	0.0
538	1.1801
5380	0.0
5381	0.0
5382	0.0
5383	0.0
5384	0.0
5385	0.0
5386	0.0
5387	0.0
5388	0.0
5389	0.0
539	1.2058
5390	0.0
5391	0.0
5392	0.0
5393	0.0
5394	0.0
5395	0.0
5396	0.0
5397	4.3643
5398	2.274
5399	1.0588
54	0.1193
540	1.1801
5400	0.6018
5401	0.4708
5402	0.4323
5403	0.4208
5404	0.4176
5405	0.4175
5406	0.4204
5407	0.4323
5408	0.4794
5409	0.6822
541	1.2058
5410	1.3748
5411	3.3751
5412	0.0
5413	0.0
5414	0.0
5415	0.0
5416	0.0
5417	0.0
5418	0.0197
5419	0.0197
542	1.1801
5420	0.0197
5421	0.0
5422	0.0379
5423	0.0379
5424	0.0176
5425	0.0176
5426	0.0049
5427	0.0049
5428	0.0049
5429	2.0E-4
543	1.1799
5430	2.0E-4
5431	2.0E-4
5432	2.0E-4
5433	2.0E-4
5434	2.0E-4
5435	0.0047
5436	5.0E-4
5437	5.0E-4
5438	0.001
5439	3.0E-4
544	1.1801
5440	3.0E-4
5441	3.0E-4
5442	8.0E-4
5443	8.0E-4
5444	3.0E-4
5445	3.0E-4
5446	3.0E-4
5447	0.0152
5448	0.0152
5449	0.8215
545	1.2176
5450	0.8215
5451	0.8215
5452	0.8215
5453	0.9637
5454	0.864
5455	1.0268
5456	4.6327
5457	0.6837
5458	0.6837
5459	0.0203
546	1.1801
5460	0.008
5461	0.008
5462	0.008
5463	0.008
5464	0.0014
5465	0.0014
5466	0.0011
5467	0.0011
5468	0.8154
5469	0.0082
547	0.0713
5470	1.2316
5471	0.0082
5472	3.0E-4
5473	3.0E-4
5474	3.0E-4
5475	3.0E-4
5476	3.0E-4
5477	3.0E-4
5478	3.0E-4
5479	3.0E-4
548	0.0432
5480	7.0E-4
5481	7.0E-4
5482	7.0E-4
5483	0.0259
5484	0.0107
5485	0.0023
5486	8.0E-4
5487	8.0E-4
5488	8.0E-4
5489	8.0E-4
549	0.0051
5490	0.0019
5491	0.0019
5492	0.0019
5493	0.0019
5494	0.0021
5495	0.0019
5496	0.0019
5497	0.0046
5498	0.0026
5499	0.0026
55	0.1185
550	0.0933
5500	0.0026
5501	0.0026
5502	0.0035
5503	0.0208
5504	0.0208
5505	0.0208
5506	0.0196
5507	0.0196
5508	0.0196
5509	1.0E-4
551	0.0989
5510	1.0E-4
5511	1.0E-4
5512	1.0E-4
5513	0.0
5514	0.0
5515	0.0
5516	0.0
5517	0.0
5518	0.0
5519	0.0
552	0.0933
5520	0.0
5521	0.0
5522	0.0
5523	3.152
5524	2.292
5525	1.0449
5526	0.4176
5527	0.2241
5528	0.1648
5529	0.1467
553	0.0982
5530	0.1416
5531	0.1413
5532	0.1453
5533	0.1595
5534	0.2047
5535	0.3397
5536	0.6994
5537	1.0186
5538	0.0
5539	0.0
554	0.104
5540	0.0
5541	0.0
5542	0.0
5543	0.0
5544	0.0
5545	0.0
5546	0.0
5547	0.0
5548	0.0
5549	0.0
555	0.1044
5550	0.0
5551	0.0
5552	0.0
5553	0.0
5554	0.0
5555	0.0
5556	0.0
5557	0.0
5558	0.0
5559	0.0
556	0.1044
5560	0.0
5561	0.0
5562	0.0
5563	0.0
5564	0.0
5565	0.0
5566	0.0
5567	0.0
5568	0.0
5569	0.0
557	0.2114
5570	0.0
5571	0.0
5572	0.0
5573	0.0
5574	0.0
5575	0.0
5576	0.0
5577	0.0
5578	0.0
5579	0.0
558	0.068
5580	0.0
5581	0.0
5582	0.0
5583	0.0
5584	0.0
5585	0.0
5586	0.0
5587	0.0
5588	0.0
5589	0.0
559	0.068
5590	0.0
5591	0.0
5592	0.0
5593	0.0
5594	0.0
5595	0.0
5596	0.0
5597	0.0
5598	0.0
5599	0.0
56	0.1105
560	0.068
5600	0.0
5601	0.0
5602	0.0
5603	0.0
5604	0.0
5605	0.0
5606	0.0
5607	0.0
5608	0.0
5609	0.0
561	0.0646
5610	0.0
5611	0.0
5612	0.0
5613	0.0
5614	0.0
5615	0.0
5616	0.0
5617	0.0
5618	0.0
5619	0.0
562	0.0646
5620	0.0
5621	0.0
5622	0.0
5623	0.0
5624	0.0
5625	0.0
5626	0.0
5627	0.0
5628	0.0
5629	0.0
563	0.0646
5630	0.0
5631	0.0
5632	0.0
5633	0.0
5634	0.0
5635	0.0
5636	0.0
5637	0.0
5638	0.0
5639	0.0
564	0.0646
5640	0.0
5641	0.0
5642	0.0
5643	0.0
5644	0.0
5645	0.0
5646	0.0
5647	0.0
5648	0.0
5649	0.0
565	0.0681
5650	0.0
5651	0.0
5652	0.0
5653	0.0
5654	0.0
5655	0.0
5656	0.0
5657	0.0
5658	0.0
5659	0.0
566	5.0E-4
5660	0.0
5661	0.0
5662	0.0
5663	0.0
5664	0.0
5665	0.0
5666	0.0
5667	0.0
5668	0.0
5669	0.0
567	5.0E-4
5670	0.0
5671	0.0
5672	0.0
5673	0.0
5674	0.0
5675	0.0
5676	0.0
5677	0.0
5678	0.0
5679	0.0
568	5.0E-4
5680	0.0
5681	0.0
5682	0.0
5683	0.0
5684	0.0
5685	0.0
5686	0.0
5687	0.0
5688	0.0
5689	0.0
569	0.0011
5690	0.0
5691	0.0
5692	0.0
5693	0.0
5694	0.0
5695	0.0
5696	0.0
5697	0.0
5698	0.0
5699	0.0
57	0.1077
570	5.0E-4
5700	0.0
5701	0.0
5702	0.0
5703	0.0
5704	0.0
5705	0.0
5706	0.0
5707	0.0
5708	0.0
5709	0.0
571	5.0E-4
5710	0.0
5711	0.0
5712	0.0
5713	0.0
5714	0.0
5715	0.0
5716	0.0
5717	0.0
5718	0.0
5719	0.0
572	5.0E-4
5720	0.0
5721	0.0
5722	0.0
5723	0.0
5724	0.0
5725	0.0
5726	0.0
5727	0.0
5728	0.0
5729	0.0
573	5.0E-4
5730	0.0
5731	0.0
5732	0.0
5733	0.0
5734	0.0
5735	0.0
5736	0.0
5737	0.0
5738	0.0
5739	0.0
574	5.0E-4
5740	0.0
5741	0.0
5742	0.0
5743	0.0
5744	0.0
5745	0.0
5746	0.0
5747	0.0
5748	0.0
5749	0.0
575	5.0E-4
5750	0.0
5751	0.0
5752	0.0
5753	0.0
5754	0.0
5755	0.0
5756	0.0
5757	0.0
5758	0.0
5759	0.0
576	5.0E-4
5760	0.0
5761	0.0
5762	0.0
5763	0.0
5764	0.0
5765	0.0
5766	0.0
5767	0.0
5768	0.0
5769	0.0
577	5.0E-4
5770	0.0
5771	0.0
5772	0.0
5773	0.0
5774	0.0
5775	0.0
5776	0.0
5777	0.0
5778	0.0
5779	0.0
578	0.7119
5780	0.0
5781	0.0
5782	0.0
5783	0.0
5784	0.0
5785	3.152
5786	2.292
5787	1.0449
5788	0.4176
5789	0.2241
579	0.0932
5790	0.1648
5791	0.1467
5792	0.1416
5793	0.1413
5794	0.1453
5795	0.1595
5796	0.2047
5797	0.3397
5798	0.6994
5799	1.0186
58	0.1187
580	0.0932
5800	0.0
5801	0.0
5802	0.0
5803	0.0
5804	0.0
5805	0.0
5806	0.0
5807	0.0
5808	0.0
5809	0.0
581	0.0982
5810	0.0
5811	0.0
5812	0.0
5813	0.0
5814	0.0
5815	0.0063
5816	0.0063
5817	0.0
5818	0.001
5819	3.0E-4
582	6.0E-4
5820	0.5005
5821	0.5005
5822	0.0997
5823	1.5972
5824	0.1028
5825	0.6854
5826	0.6602
5827	0.6602
5828	0.9893
5829	0.6602
583	6.0E-4
5830	0.6602
5831	0.6602
5832	0.6841
5833	0.6841
5834	0.0218
5835	0.1245
5836	0.1245
5837	0.1245
5838	0.1245
5839	0.1245
584	4.0E-4
5840	0.1245
5841	0.1245
5842	0.0141
5843	0.0141
5844	0.0012
5845	2.0E-4
5846	2.0E-4
5847	2.0E-4
5848	2.0E-4
5849	2.0E-4
585	6.0E-4
5850	2.0E-4
5851	2.0E-4
5852	2.0E-4
5853	2.0E-4
5854	2.0E-4
5855	2.0E-4
5856	2.0E-4
5857	2.0E-4
5858	3.0E-4
5859	2.0E-4
586	6.0E-4
5860	3.0E-4
5861	2.0E-4
5862	2.0E-4
5863	2.0E-4
5864	2.0E-4
5865	2.0E-4
5866	2.0E-4
5867	0.0038
5868	8.0E-4
5869	8.0E-4
587	5.0E-4
5870	8.0E-4
5871	8.0E-4
5872	8.0E-4
5873	8.0E-4
5874	8.0E-4
5875	0.0017
5876	8.0E-4
5877	1.0562
5878	8.0E-4
5879	8.0E-4
588	4.0E-4
5880	8.0E-4
5881	8.0E-4
5882	8.0E-4
5883	8.0E-4
5884	8.0E-4
5885	8.0E-4
5886	8.0E-4
5887	8.0E-4
5888	8.0E-4
5889	8.0E-4
589	7.0E-4
5890	8.0E-4
5891	8.0E-4
5892	0.0
5893	0.0
5894	0.0
5895	0.0
5896	0.0
5897	0.0
5898	0.0
5899	0.0
59	0.1179
590	7.0E-4
5900	0.0
5901	0.0
5902	0.0
5903	0.0
5904	0.0
5905	0.0
5906	0.0
5907	0.0
5908	0.0
5909	0.0
591	7.0E-4
5910	0.0
5911	0.0
5912	0.0
5913	0.0
5914	0.0
5915	0.0
5916	0.0
5917	0.0
5918	0.0
5919	0.0
592	7.0E-4
5920	0.0011
5921	2.0E-4
5922	0.065
5923	0.065
5924	0.065
5925	0.065
5926	0.065
5927	0.065
5928	0.065
5929	0.065
593	3.098
5930	1.5122
5931	1.5122
5932	1.5122
5933	1.5122
5934	1.5122
5935	1.5122
5936	0.0564
5937	0.0534
5938	0.343
5939	0.0236
594	7.0E-4
5940	0.0
5941	0.0
5942	0.0
5943	0.0
5944	0.0
5945	0.0
5946	0.0
5947	1.0E-4
5948	1.0E-4
5949	1.0E-4
595	5.0E-4
5950	1.0E-4
5951	0.0042
5952	5.0E-4
5953	5.0E-4
5954	9.0E-4
5955	0.123
5956	1.0558
5957	9.0E-4
5958	0.0
5959	0.0
596	5.0E-4
5960	0.0
5961	0.0
5962	0.0
5963	0.0
5964	0.0
5965	0.0
5966	0.0
5967	0.0
5968	0.0
5969	0.0
597	5.0E-4
5970	0.0
5971	0.0
5972	0.0
5973	0.0
5974	0.0011
5975	0.0084
5976	0.0324
5977	0.0324
5978	0.0031
5979	0.0031
598	0.0135
5980	0.0031
5981	0.0031
5982	0.0031
5983	0.0031
5984	0.0031
5985	0.0031
5986	0.0031
5987	0.0031
5988	0.0031
5989	0.0031
599	0.0068
5990	0.0031
5991	0.0031
5992	0.0254
5993	0.0
5994	0.0
5995	0.0
5996	1.0E-4
5997	1.0E-4
5998	1.0E-4
5999	1.0E-4
6	0.0027
60	0.1105
600	4.0E-4
6000	1.0E-4
6001	3.0E-4
6002	3.0E-4
6003	4.0E-4
6004	0.1218
6005	0.1385
6006	1.0E-4
6007	1.0E-4
6008	1.0E-4
6009	1.0E-4
601	4.0E-4
6010	1.0E-4
6011	1.0E-4
6012	0.0522
602	4.0E-4
603	4.0E-4
604	4.0E-4
605	4.0E-4
606	4.0E-4
607	4.0E-4
608	4.0E-4
609	4.0E-4
61	8.0398
610	4.0E-4
611	0.0065
612	0.0089
613	0.0084
614	0.0781
615	0.0077
616	0.0078
617	0.0091
618	0.0091
619	0.0091
62	0.0177
620	0.0105
621	0.0177
622	0.0077
623	0.0076
624	0.0076
625	0.0261
626	0.0261
627	0.0048
628	3.0E-4
629	3.0E-4
63	0.1038
630	0.0088
631	0.0013
632	0.0
633	0.0
634	0.0
635	0.0
636	0.0
637	0.0
638	0.0
639	0.0
64	0.0792
640	0.0
641	0.0
642	0.0
643	0.0
644	0.0
645	0.0
646	0.0
647	0.0
648	0.0032
649	0.0032
65	0.087
650	0.0032
651	0.0032
652	0.0032
653	0.0032
654	0.0032
655	0.0032
656	0.0032
657	0.0032
658	0.0
659	0.0
66	0.0795
660	0.0
661	0.0
662	0.0
663	0.0
664	0.0
665	0.0
666	0.0
667	0.0052
668	0.004
669	0.012
67	0.0775
670	0.012
671	0.0105
672	0.0105
673	0.0106
674	0.0118
675	0.0096
676	0.0096
677	0.0097
678	0.0108
679	0.0
68	0.1043
680	0.0
681	0.0
682	0.0
683	0.0
684	0.0
685	0.0
686	0.0097
687	0.0107
688	0.0107
689	0.0107
69	0.1095
690	0.0
691	0.0
692	0.0
693	0.0
694	0.0
695	0.0
696	0.0
697	0.0
698	0.0
699	0.0
7	0.0162
70	0.0843
700	0.0
701	0.0
702	0.0
703	0.0
704	0.0
705	0.0
706	0.0
707	0.0
708	0.0
709	0.0083
71	0.1163
710	2.0E-4
711	1.0E-4
712	2.0E-4
713	1.0E-4
714	1.0E-4
715	1.0E-4
716	1.0E-4
717	1.0E-4
718	1.0E-4
719	1.0E-4
72	0.1762
720	1.0E-4
721	1.0E-4
722	5.0E-4
723	1.0E-4
724	5.0E-4
725	1.0E-4
726	1.0E-4
727	1.0E-4
728	1.0E-4
729	1.0E-4
73	3.1502
730	1.0E-4
731	1.0E-4
732	1.0E-4
733	1.0E-4
734	1.0E-4
735	1.0E-4
736	1.0E-4
737	1.0E-4
738	1.0E-4
739	1.0E-4
74	1.1094
740	1.0E-4
741	1.0E-4
742	1.0E-4
743	1.0E-4
744	1.0E-4
745	2.0E-4
746	1.0E-4
747	1.0E-4
748	1.0E-4
749	1.0E-4
75	0.5898
750	1.0E-4
751	0.0144
752	1.0E-4
753	1.0E-4
754	1.0E-4
755	0.0076
756	0.0076
757	0.0076
758	0.0076
759	0.0076
76	0.6778
760	0.0076
761	0.0076
762	0.0076
763	0.0038
764	0.0038
765	0.0038
766	0.0042
767	0.004
768	0.003
769	0.0038
77	0.1951
770	0.0038
771	0.0
772	0.0036
773	0.0036
774	0.0034
775	0.0037
776	0.0037
777	0.0034
778	0.0024
779	0.0024
78	0.68
780	0.0036
781	0.0036
782	1.0E-4
783	0.0029
784	0.0037
785	0.0037
786	0.0037
787	0.0037
788	0.0034
789	0.0034
79	0.46
790	0.0034
791	0.0036
792	0.0036
793	0.0036
794	0.0037
795	0.0037
796	0.0034
797	0.0034
798	0.0034
799	0.0034
8	0.0033
80	2.7318
800	0.0029
801	0.0182
802	0.0274
803	0.0262
804	0.0241
805	0.0241
806	0.0241
807	0.0241
808	0.0286
809	0.0286
81	3.9166
810	0.025
811	0.025
812	0.025
813	0.025
814	0.025
815	0.025
816	0.026
817	0.0252
818	0.0317
819	0.0316
82	1.5831
820	0.0316
821	0.0316
822	2.4873
823	0.4799
824	0.0445
825	0.0344
826	0.0901
827	0.0807
828	1.6812
829	0.0105
83	1.1544
830	0.0227
831	0.0081
832	0.0081
833	0.0081
834	0.0081
835	0.0081
836	5.0E-4
837	0.0235
838	0.0141
839	0.0189
84	1.4373
840	0.0241
841	0.0149
842	0.0184
843	0.0118
844	0.0118
845	0.0118
846	0.0118
847	0.0118
848	0.0118
849	0.0118
85	0.0112
850	0.0118
851	0.0118
852	0.0118
853	0.0118
854	0.0118
855	0.0118
856	0.0118
857	0.0118
858	0.0118
859	0.0118
86	0.0078
860	0.0118
861	0.0118
862	0.0118
863	0.0118
864	0.0118
865	0.0118
866	0.0118
867	0.0118
868	0.0118
869	0.0228
87	0.0104
870	0.0045
871	0.0045
872	0.0063
873	0.0102
874	0.0094
875	0.0013
876	0.0022
877	0.0022
878	0.0022
879	0.0019
88	0.0112
880	0.0177
881	0.0017
882	0.0017
883	0.0017
884	0.0017
885	0.0017
886	0.0017
887	0.0028
888	0.0017
889	2.0E-4
89	0.0081
890	2.0E-4
891	2.0E-4
892	0.2169
893	0.3322
894	0.2169
895	0.2169
896	1.0E-4
897	1.0E-4
898	1.0E-4
899	1.0E-4
9	0.0027
90	0.0117
900	0.0
901	0.0
902	0.0
903	0.0
904	0.0
905	0.0
906	0.0
907	0.0
908	0.0
909	0.0
91	0.0117
910	0.0
911	0.0
912	0.0
913	0.0
914	0.0
915	0.0
916	0.0
917	0.0
918	0.0022
919	0.0
92	0.0191
920	0.0022
921	0.0
922	0.0
923	1.0E-4
924	0.0
925	0.0
926	0.0
927	0.0
928	0.0
929	0.0
93	0.0085
930	0.0
931	1.0E-4
932	0.0
933	0.0
934	0.0
935	0.0
936	0.0
937	0.0
938	1.0E-4
939	1.0E-4
94	1.0E-4
940	1.0E-4
941	1.0E-4
942	1.0E-4
943	0.0439
944	0.0439
945	0.0106
946	0.0107
947	0.0038
948	0.0038
949	0.0036
95	1.0E-4
950	0.0038
951	0.0038
952	0.0038
953	0.0043
954	0.0043
955	0.0043
956	0.0043
957	0.0078
958	0.0051
959	0.0051
96	1.0E-4
960	0.0051
961	0.0051
962	0.0051
963	0.0055
964	0.0051
965	0.0051
966	0.0051
967	0.0051
968	0.0069
969	0.0069
97	1.0E-4
970	0.0857
971	0.0051
972	0.0057
973	0.0058
974	0.0057
975	0.0057
976	0.0057
977	0.0057
978	0.0057
979	0.0101
98	1.0E-4
980	0.0046
981	0.0585
982	0.0049
983	0.0049
984	0.0049
985	0.0051
986	0.0049
987	0.0041
988	0.0041
989	0.0036
99	1.0E-4
990	0.0045
991	0.0092
992	0.0062
993	0.0207
994	0.0045
995	0.4337
996	0.0042
997	0.0042
998	0.0054
999	0.0053
